# Created on 2026-03-12 16:04:06.822553+01:00 (1773327846.822553 s)
# baldaquin version: 0.10.0
# Creator: Pendulum View
# Pin number, Time [s], Position [a. u.]
4, 0.026, 689
5, 0.052, 541
4, 0.077, 689
5, 0.102, 542
4, 0.127, 689
5, 0.153, 542
4, 0.179, 689
5, 0.203, 544
4, 0.229, 688
5, 0.254, 544
4, 0.280, 689
5, 0.305, 546
4, 0.330, 689
5, 0.356, 547
4, 0.381, 689
5, 0.406, 548
4, 0.432, 689
5, 0.457, 549
4, 0.483, 689
5, 0.507, 550
4, 0.533, 689
5, 0.559, 551
4, 0.584, 689
5, 0.609, 551
4, 0.634, 688
5, 0.660, 552
4, 0.686, 688
5, 0.710, 551
4, 0.736, 689
5, 0.761, 551
4, 0.787, 689
5, 0.811, 551
4, 0.837, 689
5, 0.863, 550
4, 0.888, 689
5, 0.913, 549
4, 0.938, 689
5, 0.964, 548
4, 0.990, 688
5, 1.014, 546
4, 1.040, 689
5, 1.065, 545
4, 1.091, 689
5, 1.116, 545
4, 1.141, 689
5, 1.167, 544
4, 1.192, 689
5, 1.217, 543
4, 1.243, 688
5, 1.268, 542
4, 1.294, 689
5, 1.318, 542
4, 1.344, 689
5, 1.370, 542
4, 1.395, 688
5, 1.420, 542
4, 1.445, 687
5, 1.471, 542
4, 1.497, 677
5, 1.521, 543
4, 1.547, 657
5, 1.572, 544
4, 1.598, 627
5, 1.622, 545
4, 1.648, 591
5, 1.674, 546
4, 1.699, 550
5, 1.724, 546
4, 1.749, 504
5, 1.775, 546
4, 1.801, 459
5, 1.825, 546
4, 1.851, 414
5, 1.876, 545
4, 1.902, 374
5, 1.927, 543
4, 1.952, 339
5, 1.978, 541
4, 2.003, 313
5, 2.028, 539
4, 2.054, 296
5, 2.079, 535
4, 2.105, 291
5, 2.129, 532
4, 2.155, 297
5, 2.181, 528
4, 2.206, 310
5, 2.231, 524
4, 2.256, 333
5, 2.282, 523
4, 2.308, 364
5, 2.332, 519
4, 2.358, 402
5, 2.383, 517
4, 2.409, 446
5, 2.434, 515
4, 2.459, 490
5, 2.485, 515
4, 2.510, 536
5, 2.536, 516
4, 2.560, 578
5, 2.586, 519
4, 2.612, 615
5, 2.637, 523
4, 2.662, 645
5, 2.687, 528
4, 2.713, 667
5, 2.739, 534
4, 2.763, 680
5, 2.789, 540
4, 2.814, 683
5, 2.840, 546
4, 2.865, 674
5, 2.890, 554
4, 2.916, 657
5, 2.941, 559
4, 2.966, 630
5, 2.992, 565
4, 3.017, 597
5, 3.043, 569
4, 3.067, 557
5, 3.093, 572
4, 3.119, 515
5, 3.144, 573
4, 3.169, 471
5, 3.194, 572
4, 3.220, 428
5, 3.246, 569
4, 3.270, 388
5, 3.296, 565
4, 3.321, 353
5, 3.347, 558
4, 3.371, 326
5, 3.397, 551
4, 3.423, 308
5, 3.448, 542
4, 3.473, 300
5, 3.498, 532
4, 3.524, 303
5, 3.550, 522
4, 3.574, 314
5, 3.600, 513
4, 3.625, 333
5, 3.651, 505
4, 3.676, 360
5, 3.701, 497
4, 3.727, 395
5, 3.752, 492
4, 3.777, 435
5, 3.803, 489
4, 3.828, 477
5, 3.854, 489
4, 3.878, 520
5, 3.904, 491
4, 3.930, 561
5, 3.955, 496
4, 3.980, 598
5, 4.005, 503
4, 4.031, 628
5, 4.057, 512
4, 4.081, 653
5, 4.107, 523
4, 4.132, 667
5, 4.158, 535
4, 4.182, 672
5, 4.208, 548
4, 4.234, 667
5, 4.259, 561
4, 4.284, 653
5, 4.309, 572
4, 4.335, 630
5, 4.361, 582
4, 4.385, 601
5, 4.411, 591
4, 4.436, 565
5, 4.462, 596
4, 4.487, 525
5, 4.512, 598
4, 4.538, 484
5, 4.563, 597
4, 4.588, 443
5, 4.614, 593
4, 4.639, 404
5, 4.665, 586
4, 4.689, 370
5, 4.715, 577
4, 4.741, 342
5, 4.766, 564
4, 4.791, 322
5, 4.816, 551
4, 4.842, 313
5, 4.868, 535
4, 4.892, 313
5, 4.918, 520
4, 4.943, 321
5, 4.969, 504
4, 4.994, 337
5, 5.019, 491
4, 5.045, 361
5, 5.070, 480
4, 5.095, 392
5, 5.120, 472
4, 5.146, 429
5, 5.172, 466
4, 5.196, 468
5, 5.222, 464
4, 5.247, 508
5, 5.273, 466
4, 5.298, 547
5, 5.323, 472
4, 5.349, 582
5, 5.374, 482
4, 5.400, 612
5, 5.425, 495
4, 5.450, 636
5, 5.476, 511
4, 5.501, 652
5, 5.526, 528
4, 5.552, 658
5, 5.577, 546
4, 5.603, 656
5, 5.627, 564
4, 5.653, 645
5, 5.679, 581
4, 5.704, 626
5, 5.729, 596
4, 5.754, 600
5, 5.780, 608
4, 5.806, 568
5, 5.830, 616
4, 5.856, 532
5, 5.881, 621
4, 5.907, 494
5, 5.931, 621
4, 5.957, 456
5, 5.983, 617
4, 6.008, 419
5, 6.033, 608
4, 6.058, 387
5, 6.084, 595
4, 6.110, 360
5, 6.134, 580
4, 6.160, 340
5, 6.185, 561
4, 6.211, 329
5, 6.236, 541
4, 6.261, 327
5, 6.287, 520
4, 6.312, 332
5, 6.337, 499
4, 6.363, 345
5, 6.388, 481
4, 6.414, 366
5, 6.438, 466
4, 6.464, 392
5, 6.490, 453
4, 6.515, 424
5, 6.540, 445
4, 6.565, 459
5, 6.591, 442
4, 6.617, 495
5, 6.641, 445
4, 6.667, 531
5, 6.692, 450
4, 6.718, 563
5, 6.742, 462
4, 6.768, 592
5, 6.794, 478
4, 6.819, 616
5, 6.844, 497
4, 6.869, 632
5, 6.895, 518
4, 6.921, 640
5, 6.945, 541
4, 6.971, 640
5, 6.996, 565
4, 7.022, 633
5, 7.047, 586
4, 7.072, 618
5, 7.098, 606
4, 7.123, 595
5, 7.148, 623
4, 7.174, 568
5, 7.199, 634
4, 7.225, 537
5, 7.249, 641
4, 7.275, 504
5, 7.301, 642
4, 7.326, 469
5, 7.351, 638
4, 7.376, 436
5, 7.402, 629
4, 7.428, 406
5, 7.452, 615
4, 7.478, 380
5, 7.503, 596
4, 7.529, 361
5, 7.554, 573
4, 7.579, 349
5, 7.605, 549
4, 7.630, 344
5, 7.655, 524
4, 7.680, 347
5, 7.706, 499
4, 7.732, 356
5, 7.756, 475
4, 7.782, 373
5, 7.807, 455
4, 7.833, 396
5, 7.858, 440
4, 7.883, 423
5, 7.909, 428
4, 7.934, 454
5, 7.959, 422
4, 7.985, 485
5, 8.010, 423
4, 8.036, 517
5, 8.060, 430
4, 8.086, 547
5, 8.112, 443
4, 8.137, 574
5, 8.162, 460
4, 8.187, 595
5, 8.213, 483
4, 8.239, 611
5, 8.263, 507
4, 8.289, 619
5, 8.314, 534
4, 8.340, 622
5, 8.365, 562
4, 8.390, 617
5, 8.416, 589
4, 8.441, 605
5, 8.467, 613
4, 8.491, 587
5, 8.517, 634
4, 8.543, 564
5, 8.568, 649
4, 8.593, 537
5, 8.618, 657
4, 8.644, 509
5, 8.670, 661
4, 8.694, 479
5, 8.720, 658
4, 8.745, 450
5, 8.771, 648
4, 8.796, 424
5, 8.821, 633
4, 8.847, 401
5, 8.872, 612
4, 8.897, 382
5, 8.923, 587
4, 8.948, 370
5, 8.974, 558
4, 8.998, 365
5, 9.024, 530
4, 9.050, 365
5, 9.075, 500
4, 9.100, 372
5, 9.125, 474
4, 9.151, 386
5, 9.177, 449
4, 9.201, 402
5, 9.227, 428
4, 9.252, 425
5, 9.278, 414
4, 9.302, 451
5, 9.328, 406
4, 9.354, 478
5, 9.379, 405
4, 9.404, 505
5, 9.429, 411
4, 9.455, 531
5, 9.481, 424
4, 9.505, 554
5, 9.531, 443
4, 9.556, 573
5, 9.582, 467
4, 9.607, 588
5, 9.632, 495
4, 9.658, 597
5, 9.683, 526
4, 9.708, 600
5, 9.734, 557
4, 9.759, 597
5, 9.785, 587
4, 9.809, 590
5, 9.835, 615
4, 9.861, 576
5, 9.886, 639
4, 9.911, 558
5, 9.936, 658
4, 9.962, 536
5, 9.988, 671
4, 10.012, 513
5, 10.038, 674
4, 10.063, 488
5, 10.089, 674
4, 10.114, 464
5, 10.139, 664
4, 10.165, 441
5, 10.190, 649
4, 10.215, 422
5, 10.240, 627
4, 10.266, 406
5, 10.292, 601
4, 10.316, 394
5, 10.342, 571
4, 10.367, 387
5, 10.393, 539
4, 10.418, 387
5, 10.443, 505
4, 10.469, 391
5, 10.494, 475
4, 10.519, 400
5, 10.545, 446
4, 10.570, 414
5, 10.596, 422
4, 10.620, 430
5, 10.646, 405
4, 10.672, 450
5, 10.697, 394
4, 10.722, 472
5, 10.747, 391
4, 10.773, 494
5, 10.799, 396
4, 10.823, 515
5, 10.849, 408
4, 10.874, 534
5, 10.900, 428
4, 10.925, 551
5, 10.950, 453
4, 10.976, 563
5, 11.001, 482
4, 11.026, 572
5, 11.051, 516
4, 11.077, 576
5, 11.103, 549
4, 11.127, 575
5, 11.153, 583
4, 11.178, 570
5, 11.204, 614
4, 11.229, 560
5, 11.254, 642
4, 11.280, 547
5, 11.305, 664
4, 11.331, 531
5, 11.356, 679
4, 11.381, 513
5, 11.407, 686
4, 11.432, 494
5, 11.457, 687
4, 11.483, 475
5, 11.508, 679
4, 11.534, 457
5, 11.558, 664
4, 11.584, 441
5, 11.610, 641
4, 11.635, 429
5, 11.660, 614
4, 11.685, 418
5, 11.711, 583
4, 11.737, 412
5, 11.761, 548
4, 11.787, 411
5, 11.812, 512
4, 11.838, 413
5, 11.862, 478
4, 11.888, 419
5, 11.914, 446
4, 11.939, 429
5, 11.964, 419
4, 11.989, 440
5, 12.015, 398
4, 12.041, 455
5, 12.065, 386
4, 12.091, 471
5, 12.116, 381
4, 12.142, 487
5, 12.167, 384
4, 12.192, 503
5, 12.218, 395
4, 12.243, 517
5, 12.268, 414
4, 12.294, 530
5, 12.319, 439
4, 12.345, 541
5, 12.369, 470
4, 12.395, 548
5, 12.421, 504
4, 12.446, 551
5, 12.471, 540
4, 12.496, 551
5, 12.522, 576
4, 12.548, 548
5, 12.572, 610
4, 12.598, 542
5, 12.623, 640
4, 12.649, 534
5, 12.674, 665
4, 12.699, 523
5, 12.725, 684
4, 12.750, 510
5, 12.775, 693
4, 12.800, 497
5, 12.826, 694
4, 12.852, 483
5, 12.876, 690
4, 12.902, 471
5, 12.927, 675
4, 12.953, 460
5, 12.978, 654
4, 13.003, 450
5, 13.029, 627
4, 13.054, 442
5, 13.079, 594
4, 13.105, 438
5, 13.130, 558
4, 13.156, 436
5, 13.180, 521
4, 13.206, 436
5, 13.232, 485
4, 13.257, 439
5, 13.282, 451
4, 13.307, 445
5, 13.333, 421
4, 13.359, 453
5, 13.383, 398
4, 13.409, 462
5, 13.434, 382
4, 13.460, 472
5, 13.485, 376
4, 13.510, 482
5, 13.536, 376
4, 13.561, 492
5, 13.586, 385
4, 13.611, 502
5, 13.637, 404
4, 13.663, 511
5, 13.687, 428
4, 13.713, 518
5, 13.738, 458
4, 13.764, 523
5, 13.789, 492
4, 13.814, 526
5, 13.840, 531
4, 13.865, 526
5, 13.890, 568
4, 13.916, 525
5, 13.941, 603
4, 13.967, 521
5, 13.991, 635
4, 14.017, 518
5, 14.043, 663
4, 14.068, 511
5, 14.093, 683
4, 14.118, 504
5, 14.144, 695
4, 14.170, 497
5, 14.194, 699
4, 14.220, 489
5, 14.245, 696
4, 14.271, 482
5, 14.296, 684
4, 14.321, 475
5, 14.347, 663
4, 14.372, 470
5, 14.398, 636
4, 14.422, 466
5, 14.448, 604
4, 14.474, 464
5, 14.499, 568
4, 14.524, 461
5, 14.549, 531
4, 14.575, 461
5, 14.601, 493
4, 14.625, 463
5, 14.651, 458
4, 14.676, 465
5, 14.702, 427
4, 14.727, 468
5, 14.752, 402
4, 14.778, 472
5, 14.803, 383
4, 14.828, 476
5, 14.854, 374
4, 14.879, 481
5, 14.905, 373
4, 14.929, 485
5, 14.955, 380
4, 14.981, 489
5, 15.006, 396
4, 15.031, 493
5, 15.056, 419
4, 15.082, 495
5, 15.108, 449
4, 15.132, 498
5, 15.158, 484
4, 15.183, 499
5, 15.209, 520
4, 15.234, 499
5, 15.259, 558
4, 15.285, 499
5, 15.310, 594
4, 15.335, 499
5, 15.360, 628
4, 15.386, 498
5, 15.412, 657
4, 15.436, 496
5, 15.462, 680
4, 15.487, 495
5, 15.513, 695
4, 15.538, 494
5, 15.563, 700
4, 15.589, 492
5, 15.614, 698
4, 15.639, 490
5, 15.665, 688
4, 15.690, 489
5, 15.716, 669
4, 15.740, 488
5, 15.766, 645
4, 15.792, 488
5, 15.817, 613
4, 15.842, 487
5, 15.867, 578
4, 15.893, 487
5, 15.919, 541
4, 15.943, 486
5, 15.969, 503
4, 15.994, 486
5, 16.020, 467
4, 16.045, 486
5, 16.070, 435
4, 16.096, 485
5, 16.121, 408
4, 16.146, 485
5, 16.171, 388
4, 16.197, 484
5, 16.223, 376
4, 16.247, 482
5, 16.273, 373
4, 16.298, 481
5, 16.324, 378
4, 16.349, 479
5, 16.374, 392
4, 16.400, 477
5, 16.425, 413
4, 16.450, 476
5, 16.476, 441
4, 16.501, 476
5, 16.527, 474
4, 16.551, 475
5, 16.577, 511
4, 16.603, 475
5, 16.628, 548
4, 16.653, 475
5, 16.678, 585
4, 16.704, 476
5, 16.730, 618
4, 16.754, 478
5, 16.780, 649
4, 16.805, 481
5, 16.831, 673
4, 16.856, 484
5, 16.881, 689
4, 16.907, 487
5, 16.932, 697
4, 16.957, 491
5, 16.982, 696
4, 17.008, 495
5, 17.034, 689
4, 17.058, 500
5, 17.084, 673
4, 17.109, 503
5, 17.135, 650
4, 17.160, 506
5, 17.185, 621
4, 17.211, 508
5, 17.236, 587
4, 17.261, 510
5, 17.287, 550
4, 17.312, 510
5, 17.338, 514
4, 17.362, 510
5, 17.388, 478
4, 17.414, 507
5, 17.439, 445
4, 17.464, 502
5, 17.489, 418
4, 17.515, 498
5, 17.541, 396
4, 17.565, 492
5, 17.591, 382
4, 17.616, 486
5, 17.642, 377
4, 17.667, 480
5, 17.692, 380
4, 17.718, 473
5, 17.743, 392
4, 17.768, 466
5, 17.794, 411
4, 17.819, 460
5, 17.845, 437
4, 17.869, 455
5, 17.895, 468
4, 17.920, 453
5, 17.946, 501
4, 17.971, 451
5, 17.996, 538
4, 18.022, 452
5, 18.047, 573
4, 18.073, 454
5, 18.098, 607
4, 18.123, 458
5, 18.149, 638
4, 18.174, 464
5, 18.199, 663
4, 18.225, 472
5, 18.250, 680
4, 18.276, 480
5, 18.300, 689
4, 18.326, 489
5, 18.352, 691
4, 18.377, 499
5, 18.402, 686
4, 18.427, 508
5, 18.453, 672
4, 18.479, 517
5, 18.503, 651
4, 18.529, 524
5, 18.554, 625
4, 18.580, 529
5, 18.605, 594
4, 18.630, 532
5, 18.656, 559
4, 18.681, 534
5, 18.706, 524
4, 18.731, 532
5, 18.757, 490
4, 18.783, 528
5, 18.807, 458
4, 18.833, 522
5, 18.858, 430
4, 18.884, 513
5, 18.909, 408
4, 18.934, 503
5, 18.960, 393
4, 18.985, 492
5, 19.010, 387
4, 19.036, 480
5, 19.061, 387
4, 19.087, 468
5, 19.111, 396
4, 19.137, 456
5, 19.163, 412
4, 19.188, 446
5, 19.213, 435
4, 19.238, 438
5, 19.264, 464
4, 19.290, 432
5, 19.314, 495
4, 19.340, 429
5, 19.365, 529
4, 19.391, 429
5, 19.416, 563
4, 19.441, 432
5, 19.467, 596
4, 19.492, 438
5, 19.517, 625
4, 19.542, 447
5, 19.568, 650
4, 19.594, 457
5, 19.618, 670
4, 19.644, 470
5, 19.669, 680
4, 19.695, 484
5, 19.720, 682
4, 19.745, 499
5, 19.771, 680
4, 19.796, 513
5, 19.821, 668
4, 19.847, 527
5, 19.872, 650
4, 19.898, 537
5, 19.922, 627
4, 19.948, 546
5, 19.974, 598
4, 19.999, 552
5, 20.024, 566
4, 20.049, 555
5, 20.075, 534
4, 20.101, 554
5, 20.125, 501
4, 20.151, 549
5, 20.176, 470
4, 20.202, 541
5, 20.227, 443
4, 20.252, 530
5, 20.278, 421
4, 20.303, 516
5, 20.328, 405
4, 20.354, 500
5, 20.379, 398
4, 20.405, 484
5, 20.429, 397
4, 20.455, 467
5, 20.480, 403
4, 20.506, 450
5, 20.531, 417
4, 20.556, 436
5, 20.582, 436
4, 20.607, 424
5, 20.632, 461
4, 20.658, 415
5, 20.683, 490
4, 20.709, 410
5, 20.733, 521
4, 20.759, 408
5, 20.785, 552
4, 20.810, 411
5, 20.835, 584
4, 20.860, 417
5, 20.886, 612
4, 20.912, 429
5, 20.936, 636
4, 20.962, 442
5, 20.987, 654
4, 21.013, 459
5, 21.038, 666
4, 21.063, 477
5, 21.089, 670
4, 21.114, 496
5, 21.140, 670
4, 21.165, 515
5, 21.190, 661
4, 21.216, 533
5, 21.241, 646
4, 21.266, 548
5, 21.291, 625
4, 21.317, 561
5, 21.343, 600
4, 21.367, 570
5, 21.393, 573
4, 21.418, 573
5, 21.444, 542
4, 21.469, 574
5, 21.494, 512
4, 21.520, 569
5, 21.545, 484
4, 21.570, 560
5, 21.596, 458
4, 21.621, 547
5, 21.647, 437
4, 21.671, 530
5, 21.697, 422
4, 21.723, 510
5, 21.748, 413
4, 21.773, 489
5, 21.798, 410
4, 21.824, 468
5, 21.850, 414
4, 21.874, 447
5, 21.900, 425
4, 21.925, 428
5, 21.951, 441
4, 21.976, 413
5, 22.001, 463
4, 22.027, 400
5, 22.052, 488
4, 22.077, 392
5, 22.102, 516
4, 22.128, 389
5, 22.154, 544
4, 22.178, 392
5, 22.204, 572
4, 22.229, 399
5, 22.255, 598
4, 22.280, 410
5, 22.305, 621
4, 22.331, 427
5, 22.356, 638
4, 22.381, 447
5, 22.407, 650
4, 22.432, 468
5, 22.458, 656
4, 22.482, 492
5, 22.508, 656
4, 22.534, 515
5, 22.559, 650
4, 22.584, 537
5, 22.609, 639
4, 22.635, 556
5, 22.661, 621
4, 22.685, 572
5, 22.711, 600
4, 22.736, 583
5, 22.762, 575
4, 22.787, 590
5, 22.812, 549
4, 22.838, 591
5, 22.863, 522
4, 22.888, 587
5, 22.914, 496
4, 22.939, 577
5, 22.965, 473
4, 22.989, 562
5, 23.015, 454
4, 23.040, 543
5, 23.066, 439
4, 23.091, 521
5, 23.116, 430
4, 23.142, 496
5, 23.167, 426
4, 23.192, 471
5, 23.218, 429
4, 23.243, 446
5, 23.269, 436
4, 23.293, 424
5, 23.319, 449
4, 23.345, 404
5, 23.370, 468
4, 23.395, 389
5, 23.420, 489
4, 23.446, 378
5, 23.472, 512
4, 23.496, 374
5, 23.522, 537
4, 23.547, 375
5, 23.573, 562
4, 23.598, 382
5, 23.623, 584
4, 23.649, 394
5, 23.674, 605
4, 23.699, 412
5, 23.725, 621
4, 23.750, 433
5, 23.776, 633
4, 23.800, 458
5, 23.826, 639
4, 23.851, 484
5, 23.877, 641
4, 23.902, 512
5, 23.927, 637
4, 23.953, 537
5, 23.978, 628
4, 24.003, 560
5, 24.029, 614
4, 24.054, 579
5, 24.080, 596
4, 24.104, 594
5, 24.130, 576
4, 24.156, 603
5, 24.181, 553
4, 24.206, 606
5, 24.231, 532
4, 24.257, 603
5, 24.283, 509
4, 24.307, 593
5, 24.333, 488
4, 24.358, 577
5, 24.384, 472
4, 24.409, 558
5, 24.434, 458
4, 24.460, 533
5, 24.485, 449
4, 24.510, 506
5, 24.536, 445
4, 24.561, 478
5, 24.587, 445
4, 24.611, 450
5, 24.637, 451
4, 24.662, 424
5, 24.688, 460
4, 24.713, 399
5, 24.738, 475
4, 24.764, 382
5, 24.789, 491
4, 24.814, 369
5, 24.840, 511
4, 24.865, 362
5, 24.891, 532
4, 24.915, 361
5, 24.941, 553
4, 24.967, 367
5, 24.992, 571
4, 25.017, 379
5, 25.042, 588
4, 25.068, 398
5, 25.094, 602
4, 25.118, 421
5, 25.144, 614
4, 25.169, 447
5, 25.195, 620
4, 25.220, 476
5, 25.245, 622
4, 25.271, 506
5, 25.296, 620
4, 25.321, 535
5, 25.347, 614
4, 25.372, 561
5, 25.398, 604
4, 25.422, 583
5, 25.448, 589
4, 25.474, 601
5, 25.499, 574
4, 25.524, 612
5, 25.549, 556
4, 25.575, 617
5, 25.600, 538
4, 25.625, 616
5, 25.651, 519
4, 25.676, 606
5, 25.702, 503
4, 25.726, 591
5, 25.752, 489
4, 25.778, 570
5, 25.803, 477
4, 25.828, 545
5, 25.853, 468
4, 25.879, 515
5, 25.905, 464
4, 25.929, 485
5, 25.955, 464
4, 25.980, 454
5, 26.006, 467
4, 26.031, 425
5, 26.056, 475
4, 26.082, 399
5, 26.107, 485
4, 26.132, 378
5, 26.158, 498
4, 26.183, 362
5, 26.209, 512
4, 26.233, 353
5, 26.259, 528
4, 26.285, 352
5, 26.310, 545
4, 26.335, 355
5, 26.360, 560
4, 26.386, 367
5, 26.411, 574
4, 26.436, 385
5, 26.462, 586
4, 26.487, 409
5, 26.513, 595
4, 26.537, 436
5, 26.563, 600
4, 26.589, 467
5, 26.614, 602
4, 26.639, 498
5, 26.664, 601
4, 26.690, 530
5, 26.716, 597
4, 26.740, 559
5, 26.766, 590
4, 26.791, 584
5, 26.817, 580
4, 26.842, 604
5, 26.867, 569
4, 26.893, 618
5, 26.918, 556
4, 26.943, 625
5, 26.969, 542
4, 26.994, 625
5, 27.020, 529
4, 27.044, 617
5, 27.070, 517
4, 27.096, 603
5, 27.121, 506
4, 27.146, 582
5, 27.171, 496
4, 27.197, 556
5, 27.222, 489
4, 27.247, 526
5, 27.273, 486
4, 27.298, 494
5, 27.324, 485
4, 27.348, 461
5, 27.374, 487
4, 27.400, 430
5, 27.425, 491
4, 27.450, 400
5, 27.475, 497
4, 27.501, 376
5, 27.527, 506
4, 27.551, 358
5, 27.577, 517
4, 27.602, 347
5, 27.628, 528
4, 27.653, 343
5, 27.678, 539
4, 27.704, 346
5, 27.729, 549
4, 27.754, 357
5, 27.780, 560
4, 27.805, 374
5, 27.831, 568
4, 27.855, 397
5, 27.881, 575
4, 27.907, 426
5, 27.932, 579
4, 27.957, 457
5, 27.982, 581
4, 28.008, 490
5, 28.034, 581
4, 28.058, 523
5, 28.084, 580
4, 28.109, 554
5, 28.135, 575
4, 28.159, 582
5, 28.185, 569
4, 28.211, 604
5, 28.236, 561
4, 28.261, 620
5, 28.286, 553
4, 28.312, 629
5, 28.338, 545
4, 28.362, 630
5, 28.388, 535
4, 28.413, 625
5, 28.439, 527
4, 28.464, 610
5, 28.489, 520
4, 28.515, 591
5, 28.540, 513
4, 28.565, 565
5, 28.591, 509
4, 28.616, 535
5, 28.642, 507
4, 28.666, 502
5, 28.692, 506
4, 28.718, 469
5, 28.743, 506
4, 28.768, 436
5, 28.793, 509
4, 28.819, 406
5, 28.845, 513
4, 28.869, 380
5, 28.895, 518
4, 28.920, 360
5, 28.946, 523
4, 28.970, 347
5, 28.996, 530
4, 29.022, 341
5, 29.047, 536
4, 29.072, 343
5, 29.097, 543
4, 29.123, 351
5, 29.149, 548
4, 29.173, 367
5, 29.199, 553
4, 29.224, 389
5, 29.250, 556
4, 29.275, 417
5, 29.300, 559
4, 29.326, 448
5, 29.351, 560
4, 29.376, 481
5, 29.402, 561
4, 29.427, 515
5, 29.453, 559
4, 29.477, 547
5, 29.503, 558
4, 29.529, 576
5, 29.554, 555
4, 29.579, 600
5, 29.604, 552
4, 29.630, 618
5, 29.656, 548
4, 29.680, 628
5, 29.706, 544
4, 29.731, 632
5, 29.757, 540
4, 29.781, 628
5, 29.807, 536
4, 29.833, 616
5, 29.858, 534
4, 29.883, 598
5, 29.908, 531
4, 29.934, 573
5, 29.960, 530
4, 29.984, 543
5, 30.010, 529
4, 30.035, 512
5, 30.061, 528
4, 30.087, 477
5, 30.111, 528
4, 30.137, 445
5, 30.162, 529
4, 30.188, 414
5, 30.213, 530
4, 30.238, 386
5, 30.264, 531
4, 30.289, 364
5, 30.314, 532
4, 30.340, 349
5, 30.365, 534
4, 30.391, 342
5, 30.415, 535
4, 30.441, 342
5, 30.467, 536
4, 30.492, 348
5, 30.517, 537
4, 30.542, 363
5, 30.568, 538
4, 30.594, 383
5, 30.618, 538
4, 30.644, 410
5, 30.669, 539
4, 30.695, 440
5, 30.719, 539
4, 30.745, 473
5, 30.771, 540
4, 30.796, 506
5, 30.821, 539
4, 30.846, 539
5, 30.872, 539
4, 30.898, 569
5, 30.922, 539
4, 30.948, 594
5, 30.973, 539
4, 30.999, 613
5, 31.024, 540
4, 31.049, 626
5, 31.075, 541
4, 31.100, 630
5, 31.125, 542
4, 31.151, 629
5, 31.176, 543
4, 31.202, 619
5, 31.226, 544
4, 31.252, 601
5, 31.278, 546
4, 31.303, 578
5, 31.328, 547
4, 31.353, 550
5, 31.379, 548
4, 31.405, 519
5, 31.429, 549
4, 31.455, 486
5, 31.480, 548
4, 31.506, 454
5, 31.530, 548
4, 31.556, 422
5, 31.582, 547
4, 31.607, 395
5, 31.632, 545
4, 31.657, 371
5, 31.683, 543
4, 31.709, 354
5, 31.733, 541
4, 31.759, 345
5, 31.784, 538
4, 31.810, 344
5, 31.835, 534
4, 31.860, 349
5, 31.886, 531
4, 31.911, 361
5, 31.936, 527
4, 31.962, 379
5, 31.987, 524
4, 32.013, 404
5, 32.037, 522
4, 32.063, 433
5, 32.089, 520
4, 32.114, 464
5, 32.139, 519
4, 32.164, 497
5, 32.190, 520
4, 32.216, 529
5, 32.240, 521
4, 32.266, 559
5, 32.291, 524
4, 32.317, 585
5, 32.341, 527
4, 32.367, 605
5, 32.393, 532
4, 32.418, 618
5, 32.443, 536
4, 32.468, 625
5, 32.494, 542
4, 32.520, 625
5, 32.544, 547
4, 32.570, 617
5, 32.595, 553
4, 32.621, 603
5, 32.646, 558
4, 32.671, 581
5, 32.697, 562
4, 32.722, 555
5, 32.747, 565
4, 32.773, 526
5, 32.798, 567
4, 32.824, 495
5, 32.848, 568
4, 32.874, 463
5, 32.900, 566
4, 32.925, 433
5, 32.950, 564
4, 32.975, 404
5, 33.001, 560
4, 33.027, 381
5, 33.051, 554
4, 33.077, 364
5, 33.102, 548
4, 33.128, 353
5, 33.152, 540
4, 33.178, 350
5, 33.204, 532
4, 33.229, 352
5, 33.255, 525
4, 33.279, 363
5, 33.305, 518
4, 33.331, 379
5, 33.356, 511
4, 33.381, 402
5, 33.406, 506
4, 33.432, 428
5, 33.458, 502
4, 33.482, 458
5, 33.508, 502
4, 33.533, 489
5, 33.559, 501
4, 33.584, 519
5, 33.609, 504
4, 33.635, 548
5, 33.660, 507
4, 33.685, 574
5, 33.711, 514
4, 33.736, 594
5, 33.762, 522
4, 33.786, 608
5, 33.812, 531
4, 33.838, 616
5, 33.863, 540
4, 33.888, 618
5, 33.913, 550
4, 33.939, 612
5, 33.965, 560
4, 33.989, 600
5, 34.015, 569
4, 34.040, 581
5, 34.066, 576
4, 34.090, 558
5, 34.116, 581
4, 34.142, 531
5, 34.167, 584
4, 34.192, 502
5, 34.217, 586
4, 34.243, 471
5, 34.269, 585
4, 34.293, 442
5, 34.319, 581
4, 34.344, 416
5, 34.370, 574
4, 34.395, 393
5, 34.420, 567
4, 34.446, 375
5, 34.471, 556
4, 34.496, 363
5, 34.522, 545
4, 34.547, 358
5, 34.573, 533
4, 34.597, 360
5, 34.623, 522
4, 34.649, 368
5, 34.674, 512
4, 34.699, 382
5, 34.724, 501
4, 34.750, 401
5, 34.776, 493
4, 34.800, 425
5, 34.826, 487
4, 34.851, 453
5, 34.877, 484
4, 34.901, 480
5, 34.927, 484
4, 34.953, 509
5, 34.978, 486
4, 35.003, 538
5, 35.028, 492
4, 35.054, 562
5, 35.080, 500
4, 35.104, 582
5, 35.130, 511
4, 35.155, 596
5, 35.181, 523
4, 35.206, 605
5, 35.231, 536
4, 35.257, 608
5, 35.282, 550
4, 35.307, 605
5, 35.333, 563
4, 35.358, 595
5, 35.384, 576
4, 35.408, 578
5, 35.434, 586
4, 35.460, 559
5, 35.485, 594
4, 35.510, 535
5, 35.535, 600
4, 35.561, 508
5, 35.587, 603
4, 35.611, 480
5, 35.637, 602
4, 35.662, 453
5, 35.688, 597
4, 35.712, 428
5, 35.738, 589
4, 35.764, 405
5, 35.789, 578
4, 35.814, 388
5, 35.839, 566
4, 35.865, 376
5, 35.891, 552
4, 35.915, 370
5, 35.941, 537
4, 35.966, 369
5, 35.992, 521
4, 36.017, 375
5, 36.042, 506
4, 36.068, 387
5, 36.093, 493
4, 36.118, 404
5, 36.144, 481
4, 36.169, 425
5, 36.195, 473
4, 36.219, 448
5, 36.245, 469
4, 36.271, 475
5, 36.296, 468
4, 36.321, 501
5, 36.346, 469
4, 36.372, 526
5, 36.398, 476
4, 36.422, 549
5, 36.448, 486
4, 36.473, 568
5, 36.499, 499
4, 36.523, 583
5, 36.549, 514
4, 36.575, 592
5, 36.600, 530
4, 36.625, 596
5, 36.650, 548
4, 36.676, 594
5, 36.702, 565
4, 36.726, 587
5, 36.752, 581
4, 36.777, 574
5, 36.803, 595
4, 36.828, 556
5, 36.853, 606
4, 36.879, 536
5, 36.904, 614
4, 36.930, 512
5, 36.955, 617
4, 36.980, 488
5, 37.006, 617
4, 37.031, 463
5, 37.056, 613
4, 37.082, 440
5, 37.107, 604
4, 37.133, 419
5, 37.157, 593
4, 37.183, 402
5, 37.209, 577
4, 37.234, 390
5, 37.259, 559
4, 37.284, 383
5, 37.310, 542
4, 37.336, 382
5, 37.360, 523
4, 37.386, 386
5, 37.411, 505
4, 37.437, 394
5, 37.461, 488
4, 37.487, 408
5, 37.513, 474
4, 37.538, 426
5, 37.563, 463
4, 37.588, 447
5, 37.614, 456
4, 37.640, 469
5, 37.664, 453
4, 37.690, 492
5, 37.715, 456
4, 37.741, 514
5, 37.766, 462
4, 37.791, 535
5, 37.817, 473
4, 37.842, 553
5, 37.867, 487
4, 37.893, 567
5, 37.918, 504
4, 37.944, 576
5, 37.968, 524
4, 37.994, 581
5, 38.020, 544
4, 38.045, 581
5, 38.070, 564
4, 38.095, 575
5, 38.121, 584
4, 38.147, 565
5, 38.171, 601
4, 38.197, 551
5, 38.222, 614
4, 38.248, 534
5, 38.272, 624
4, 38.298, 514
5, 38.324, 629
4, 38.349, 493
5, 38.374, 630
4, 38.399, 472
5, 38.425, 626
4, 38.451, 451
5, 38.475, 618
4, 38.501, 434
5, 38.526, 605
4, 38.552, 418
5, 38.577, 588
4, 38.602, 407
5, 38.628, 568
4, 38.653, 399
5, 38.678, 547
4, 38.704, 397
5, 38.729, 525
4, 38.755, 399
5, 38.779, 503
4, 38.805, 407
5, 38.831, 485
4, 38.856, 417
5, 38.881, 468
4, 38.906, 431
5, 38.932, 455
4, 38.958, 447
5, 38.982, 445
4, 39.008, 466
5, 39.033, 441
4, 39.059, 486
5, 39.083, 443
4, 39.109, 505
5, 39.135, 449
4, 39.160, 523
5, 39.185, 460
4, 39.210, 538
5, 39.236, 476
4, 39.262, 551
5, 39.286, 495
4, 39.312, 560
5, 39.337, 516
4, 39.363, 565
5, 39.388, 539
4, 39.413, 566
5, 39.439, 562
4, 39.464, 562
5, 39.489, 584
4, 39.515, 555
5, 39.540, 604
4, 39.566, 544
5, 39.590, 621
4, 39.616, 529
5, 39.642, 632
4, 39.667, 514
5, 39.692, 639
4, 39.717, 496
5, 39.743, 641
4, 39.769, 479
5, 39.793, 638
4, 39.819, 462
5, 39.844, 630
4, 39.870, 446
5, 39.894, 617
4, 39.920, 434
5, 39.946, 599
4, 39.971, 423
5, 39.997, 577
4, 40.021, 416
5, 40.047, 555
4, 40.073, 414
5, 40.098, 530
4, 40.123, 415
5, 40.148, 507
4, 40.174, 419
5, 40.200, 485
4, 40.224, 427
5, 40.250, 465
4, 40.275, 438
5, 40.301, 449
4, 40.326, 451
5, 40.351, 439
4, 40.377, 465
5, 40.402, 433
4, 40.427, 480
5, 40.453, 432
4, 40.478, 496
5, 40.504, 438
4, 40.528, 511
5, 40.554, 448
4, 40.580, 524
5, 40.605, 465
4, 40.630, 535
5, 40.655, 485
4, 40.681, 542
5, 40.707, 507
4, 40.731, 547
5, 40.757, 532
4, 40.782, 549
5, 40.808, 557
4, 40.832, 547
5, 40.858, 581
4, 40.884, 542
5, 40.909, 604
4, 40.934, 534
5, 40.959, 623
4, 40.985, 524
5, 41.011, 636
4, 41.035, 511
5, 41.061, 646
4, 41.086, 498
5, 41.112, 650
4, 41.137, 485
5, 41.162, 648
4, 41.188, 471
5, 41.213, 639
4, 41.238, 459
5, 41.264, 627
4, 41.289, 449
5, 41.315, 609
4, 41.339, 440
5, 41.365, 587
4, 41.391, 434
5, 41.416, 562
4, 41.441, 432
5, 41.466, 537
4, 41.492, 431
5, 41.518, 511
4, 41.542, 434
5, 41.568, 486
4, 41.593, 439
5, 41.619, 465
4, 41.643, 447
5, 41.669, 447
4, 41.695, 456
5, 41.720, 434
4, 41.745, 467
5, 41.770, 427
4, 41.796, 477
5, 41.822, 425
4, 41.846, 489
5, 41.872, 429
4, 41.897, 501
5, 41.923, 440
4, 41.948, 510
5, 41.973, 456
4, 41.999, 519
5, 42.024, 475
4, 42.049, 525
5, 42.075, 499
4, 42.100, 529
5, 42.126, 525
4, 42.150, 530
5, 42.176, 552
4, 42.202, 529
5, 42.227, 577
4, 42.252, 526
5, 42.277, 602
4, 42.303, 521
5, 42.329, 623
4, 42.353, 514
5, 42.379, 639
4, 42.404, 506
5, 42.430, 650
4, 42.454, 497
5, 42.480, 655
4, 42.506, 488
5, 42.531, 655
4, 42.556, 479
5, 42.581, 648
4, 42.607, 470
5, 42.633, 635
4, 42.657, 464
5, 42.683, 618
4, 42.708, 457
5, 42.734, 595
4, 42.759, 452
5, 42.784, 570
4, 42.810, 450
5, 42.835, 544
4, 42.860, 450
5, 42.886, 517
4, 42.911, 451
5, 42.937, 490
4, 42.961, 454
5, 42.987, 466
4, 43.013, 459
5, 43.038, 448
4, 43.063, 464
5, 43.088, 433
4, 43.114, 471
5, 43.140, 424
4, 43.164, 477
5, 43.190, 420
4, 43.215, 485
5, 43.241, 424
4, 43.266, 491
5, 43.291, 433
4, 43.317, 498
5, 43.342, 448
4, 43.367, 503
5, 43.392, 468
4, 43.418, 507
5, 43.444, 491
4, 43.468, 509
5, 43.494, 518
4, 43.519, 511
5, 43.545, 545
4, 43.570, 511
5, 43.595, 572
4, 43.621, 510
5, 43.646, 597
4, 43.671, 507
5, 43.697, 620
4, 43.722, 503
5, 43.748, 639
4, 43.772, 499
5, 43.798, 650
4, 43.824, 494
5, 43.849, 657
4, 43.874, 490
5, 43.899, 658
4, 43.925, 485
5, 43.951, 652
4, 43.975, 481
5, 44.001, 640
4, 44.026, 477
5, 44.052, 623
4, 44.077, 474
5, 44.102, 602
4, 44.128, 471
5, 44.153, 577
4, 44.178, 470
5, 44.203, 550
4, 44.229, 469
5, 44.255, 523
4, 44.279, 469
5, 44.305, 496
4, 44.330, 470
5, 44.356, 472
4, 44.381, 472
5, 44.406, 450
4, 44.432, 474
5, 44.457, 435
4, 44.483, 477
5, 44.508, 424
4, 44.533, 480
5, 44.559, 419
4, 44.584, 482
5, 44.609, 421
4, 44.635, 485
5, 44.660, 430
4, 44.686, 487
5, 44.710, 443
4, 44.736, 489
5, 44.762, 462
4, 44.787, 490
5, 44.812, 485
4, 44.837, 492
5, 44.863, 511
4, 44.889, 491
5, 44.913, 539
4, 44.939, 492
5, 44.964, 566
4, 44.990, 491
5, 45.014, 592
4, 45.040, 492
5, 45.066, 616
4, 45.091, 490
5, 45.116, 635
4, 45.141, 490
5, 45.167, 649
4, 45.193, 489
5, 45.217, 656
4, 45.243, 488
5, 45.268, 659
4, 45.294, 488
5, 45.319, 654
4, 45.344, 488
5, 45.370, 644
4, 45.395, 487
5, 45.420, 629
4, 45.446, 487
5, 45.471, 608
4, 45.497, 488
5, 45.521, 583
4, 45.547, 487
5, 45.573, 557
4, 45.598, 487
5, 45.623, 530
4, 45.648, 487
5, 45.674, 503
4, 45.700, 487
5, 45.724, 478
4, 45.750, 487
5, 45.775, 456
4, 45.801, 486
5, 45.826, 439
4, 45.851, 485
5, 45.877, 427
4, 45.902, 483
5, 45.927, 421
4, 45.952, 482
5, 45.978, 421
4, 46.004, 481
5, 46.028, 428
4, 46.054, 480
5, 46.079, 440
4, 46.105, 477
5, 46.130, 458
4, 46.155, 476
5, 46.181, 480
4, 46.206, 475
5, 46.231, 505
4, 46.257, 474
5, 46.282, 532
4, 46.308, 474
5, 46.332, 559
4, 46.358, 474
5, 46.384, 585
4, 46.409, 475
5, 46.434, 609
4, 46.459, 478
5, 46.485, 629
4, 46.511, 480
5, 46.535, 644
4, 46.561, 482
5, 46.586, 653
4, 46.612, 486
5, 46.637, 657
4, 46.662, 489
5, 46.688, 654
4, 46.713, 493
5, 46.738, 645
4, 46.763, 496
5, 46.789, 631
4, 46.815, 500
5, 46.839, 612
4, 46.865, 502
5, 46.890, 589
4, 46.916, 504
5, 46.941, 564
4, 46.966, 504
5, 46.992, 537
4, 47.017, 504
5, 47.042, 511
4, 47.068, 502
5, 47.093, 486
4, 47.119, 500
5, 47.143, 463
4, 47.169, 497
5, 47.195, 446
4, 47.220, 493
5, 47.245, 432
4, 47.270, 488
5, 47.296, 426
4, 47.322, 482
5, 47.346, 424
4, 47.372, 477
5, 47.397, 430
4, 47.423, 471
5, 47.448, 440
4, 47.473, 467
5, 47.499, 456
4, 47.524, 463
5, 47.550, 476
4, 47.574, 460
5, 47.600, 500
4, 47.626, 457
5, 47.651, 526
4, 47.676, 457
5, 47.701, 553
4, 47.727, 457
5, 47.753, 577
4, 47.777, 461
5, 47.803, 601
4, 47.828, 464
5, 47.854, 622
4, 47.879, 469
5, 47.904, 637
4, 47.930, 475
5, 47.955, 646
4, 47.980, 483
5, 48.006, 651
4, 48.031, 490
5, 48.057, 650
4, 48.081, 497
5, 48.107, 643
4, 48.133, 504
5, 48.158, 631
4, 48.183, 510
5, 48.208, 614
4, 48.234, 515
5, 48.260, 592
4, 48.284, 519
5, 48.310, 570
4, 48.335, 521
5, 48.361, 543
4, 48.386, 521
5, 48.411, 518
4, 48.437, 519
5, 48.462, 494
4, 48.487, 515
5, 48.512, 472
4, 48.538, 510
5, 48.564, 454
4, 48.588, 504
5, 48.614, 441
4, 48.639, 495
5, 48.665, 433
4, 48.690, 486
5, 48.715, 431
4, 48.741, 476
5, 48.766, 434
4, 48.791, 467
5, 48.817, 443
4, 48.842, 459
5, 48.868, 457
4, 48.892, 451
5, 48.918, 475
4, 48.944, 446
5, 48.969, 497
4, 48.994, 443
5, 49.019, 521
4, 49.045, 441
5, 49.071, 546
4, 49.095, 442
5, 49.121, 570
4, 49.146, 445
5, 49.172, 593
4, 49.197, 451
5, 49.222, 613
4, 49.248, 457
5, 49.273, 628
4, 49.298, 467
5, 49.323, 638
4, 49.349, 477
5, 49.375, 644
4, 49.399, 488
5, 49.425, 644
4, 49.450, 499
5, 49.476, 639
4, 49.501, 510
5, 49.526, 628
4, 49.552, 519
5, 49.577, 613
4, 49.602, 527
5, 49.628, 594
4, 49.653, 532
5, 49.679, 572
4, 49.703, 535
5, 49.729, 549
4, 49.755, 537
5, 49.780, 525
4, 49.805, 535
5, 49.830, 502
4, 49.856, 530
5, 49.882, 481
4, 49.906, 523
5, 49.932, 464
4, 49.957, 513
5, 49.983, 451
4, 0.025, 469
5, 0.051, 360
4, 0.076, 470
5, 0.102, 359
4, 0.126, 471
5, 0.152, 360
4, 0.178, 470
5, 0.203, 360
4, 0.228, 470
5, 0.253, 360
4, 0.279, 470
5, 0.305, 360
4, 0.329, 471
5, 0.355, 359
4, 0.380, 470
5, 0.406, 359
4, 0.430, 470
5, 0.456, 359
4, 0.482, 470
5, 0.507, 360
4, 0.533, 470
5, 0.557, 359
4, 0.583, 470
5, 0.609, 359
4, 0.634, 469
5, 0.659, 359
4, 0.684, 469
5, 0.710, 359
4, 0.736, 469
5, 0.760, 359
4, 0.786, 469
5, 0.811, 359
4, 0.837, 469
5, 0.862, 359
4, 0.887, 469
5, 0.913, 359
4, 0.938, 469
5, 0.963, 359
4, 0.989, 469
5, 1.014, 359
4, 1.040, 469
5, 1.064, 359
4, 1.090, 470
5, 1.116, 358
4, 1.141, 470
5, 1.166, 359
4, 1.191, 470
5, 1.217, 363
4, 1.243, 470
5, 1.267, 375
4, 1.293, 470
5, 1.318, 397
4, 1.344, 470
5, 1.368, 426
4, 1.394, 470
5, 1.420, 462
4, 1.445, 471
5, 1.470, 502
4, 1.495, 471
5, 1.521, 544
4, 1.547, 473
5, 1.571, 587
4, 1.597, 474
5, 1.622, 627
4, 1.648, 476
5, 1.673, 662
4, 1.698, 478
5, 1.724, 692
4, 1.749, 480
5, 1.774, 714
4, 1.800, 483
5, 1.825, 727
4, 1.851, 485
5, 1.875, 729
4, 1.901, 489
5, 1.927, 722
4, 1.952, 492
5, 1.977, 708
4, 2.002, 495
5, 2.028, 684
4, 2.054, 496
5, 2.078, 653
4, 2.104, 498
5, 2.129, 615
4, 2.155, 499
5, 2.179, 575
4, 2.205, 499
5, 2.231, 533
4, 2.256, 497
5, 2.281, 491
4, 2.306, 494
5, 2.332, 453
4, 2.358, 491
5, 2.382, 419
4, 2.408, 486
5, 2.433, 392
4, 2.459, 481
5, 2.484, 373
4, 2.509, 476
5, 2.535, 364
4, 2.560, 470
5, 2.585, 366
4, 2.611, 464
5, 2.636, 374
4, 2.662, 458
5, 2.686, 394
4, 2.712, 452
5, 2.738, 421
4, 2.763, 449
5, 2.788, 454
4, 2.813, 446
5, 2.839, 493
4, 2.865, 445
5, 2.889, 534
4, 2.915, 446
5, 2.940, 575
4, 2.966, 447
5, 2.990, 615
4, 3.016, 452
5, 3.042, 650
4, 3.067, 457
5, 3.093, 681
4, 3.117, 464
5, 3.143, 704
4, 3.169, 473
5, 3.194, 718
4, 3.219, 482
5, 3.244, 723
4, 3.270, 490
5, 3.296, 719
4, 3.320, 499
5, 3.346, 707
4, 3.371, 508
5, 3.397, 685
4, 3.422, 515
5, 3.447, 657
4, 3.473, 520
5, 3.498, 623
4, 3.523, 524
5, 3.549, 585
4, 3.574, 525
5, 3.600, 545
4, 3.624, 524
5, 3.650, 504
4, 3.676, 520
5, 3.701, 466
4, 3.726, 514
5, 3.751, 433
4, 3.777, 506
5, 3.803, 405
4, 3.827, 496
5, 3.853, 384
4, 3.878, 485
5, 3.904, 374
4, 3.928, 473
5, 3.954, 372
4, 3.980, 461
5, 4.005, 379
4, 4.030, 449
5, 4.055, 395
4, 4.081, 439
5, 4.107, 419
4, 4.131, 430
5, 4.157, 449
4, 4.182, 424
5, 4.208, 485
4, 4.233, 421
5, 4.258, 524
4, 4.284, 420
5, 4.309, 563
4, 4.334, 422
5, 4.360, 601
4, 4.385, 428
5, 4.411, 637
4, 4.435, 436
5, 4.461, 667
4, 4.487, 447
5, 4.512, 691
4, 4.537, 460
5, 4.562, 707
4, 4.588, 474
5, 4.614, 714
4, 4.638, 489
5, 4.664, 712
4, 4.689, 504
5, 4.715, 703
4, 4.739, 517
5, 4.765, 685
4, 4.791, 530
5, 4.816, 660
4, 4.841, 539
5, 4.866, 629
4, 4.892, 547
5, 4.918, 593
4, 4.942, 549
5, 4.968, 555
4, 4.993, 549
5, 5.019, 517
4, 5.044, 545
5, 5.069, 481
4, 5.095, 537
5, 5.120, 448
4, 5.145, 526
5, 5.171, 420
4, 5.196, 511
5, 5.222, 399
4, 5.246, 496
5, 5.272, 386
4, 5.298, 478
5, 5.323, 382
4, 5.348, 461
5, 5.373, 386
4, 5.399, 444
5, 5.425, 399
4, 5.449, 428
5, 5.475, 421
4, 5.500, 415
5, 5.526, 447
4, 5.550, 405
5, 5.576, 479
4, 5.602, 399
5, 5.627, 514
4, 5.652, 396
5, 5.677, 551
4, 5.703, 398
5, 5.729, 587
4, 5.753, 405
5, 5.779, 621
4, 5.804, 415
5, 5.830, 651
4, 5.855, 430
5, 5.880, 675
4, 5.906, 446
5, 5.931, 692
4, 5.957, 465
5, 5.982, 700
4, 6.007, 485
5, 6.033, 701
4, 6.058, 506
5, 6.083, 695
4, 6.109, 525
5, 6.134, 679
4, 6.160, 542
5, 6.184, 658
4, 6.210, 555
5, 6.236, 630
4, 6.261, 565
5, 6.286, 600
4, 6.311, 571
5, 6.337, 565
4, 6.363, 572
5, 6.387, 530
4, 6.413, 568
5, 6.438, 495
4, 6.464, 559
5, 6.488, 465
4, 6.514, 546
5, 6.540, 438
4, 6.565, 529
5, 6.590, 416
4, 6.615, 508
5, 6.641, 403
4, 6.667, 486
5, 6.691, 398
4, 6.717, 463
5, 6.742, 399
4, 6.768, 441
5, 6.793, 409
4, 6.818, 420
5, 6.844, 426
4, 6.869, 402
5, 6.894, 449
4, 6.920, 389
5, 6.945, 478
4, 6.971, 379
5, 6.995, 508
4, 7.021, 375
5, 7.047, 542
4, 7.072, 376
5, 7.097, 575
4, 7.122, 383
5, 7.148, 606
4, 7.174, 395
5, 7.198, 634
4, 7.224, 410
5, 7.249, 658
4, 7.275, 430
5, 7.299, 675
4, 7.325, 453
5, 7.351, 684
4, 7.376, 479
5, 7.401, 686
4, 7.426, 504
5, 7.452, 682
4, 7.478, 528
5, 7.502, 670
4, 7.528, 550
5, 7.553, 653
4, 7.579, 568
5, 7.604, 629
4, 7.629, 581
5, 7.655, 602
4, 7.680, 590
5, 7.705, 571
4, 7.731, 593
5, 7.756, 540
4, 7.782, 590
5, 7.806, 510
4, 7.832, 580
5, 7.858, 481
4, 7.883, 566
5, 7.908, 456
4, 7.933, 546
5, 7.959, 436
4, 7.985, 523
5, 8.009, 423
4, 8.035, 496
5, 8.060, 417
4, 8.086, 470
5, 8.110, 415
4, 8.136, 442
5, 8.162, 421
4, 8.187, 417
5, 8.212, 435
4, 8.237, 395
5, 8.263, 454
4, 8.289, 376
5, 8.313, 478
4, 8.339, 364
5, 8.364, 505
4, 8.390, 357
5, 8.415, 534
4, 8.440, 356
5, 8.466, 563
4, 8.491, 362
5, 8.516, 591
4, 8.542, 373
5, 8.567, 616
4, 8.593, 392
5, 8.617, 638
4, 8.643, 415
5, 8.669, 654
4, 8.694, 441
5, 8.719, 664
4, 8.744, 469
5, 8.770, 668
4, 8.796, 498
5, 8.820, 667
4, 8.846, 527
5, 8.871, 658
4, 8.897, 553
5, 8.921, 644
4, 8.947, 576
5, 8.973, 625
4, 8.998, 594
5, 9.024, 602
4, 9.048, 605
5, 9.074, 576
4, 9.100, 609
5, 9.125, 549
4, 9.150, 608
5, 9.175, 523
4, 9.201, 600
5, 9.227, 497
4, 9.251, 584
5, 9.277, 475
4, 9.302, 562
5, 9.328, 457
4, 9.353, 537
5, 9.378, 444
4, 9.404, 509
5, 9.429, 436
4, 9.454, 478
5, 9.480, 435
4, 9.505, 446
5, 9.531, 438
4, 9.555, 418
5, 9.581, 448
4, 9.607, 390
5, 9.632, 463
4, 9.657, 369
5, 9.682, 482
4, 9.708, 353
5, 9.734, 504
4, 9.758, 343
5, 9.784, 529
4, 9.809, 341
5, 9.835, 552
4, 9.859, 345
5, 9.885, 577
4, 9.911, 357
5, 9.936, 599
4, 9.961, 375
5, 9.986, 618
4, 10.012, 399
5, 10.038, 632
4, 10.062, 427
5, 10.088, 642
4, 10.113, 459
5, 10.139, 647
4, 10.164, 491
5, 10.189, 647
4, 10.215, 524
5, 10.240, 642
4, 10.265, 553
5, 10.291, 631
4, 10.316, 580
5, 10.342, 616
4, 10.366, 601
5, 10.392, 598
4, 10.418, 616
5, 10.443, 577
4, 10.468, 623
5, 10.493, 556
4, 10.519, 623
5, 10.545, 533
4, 10.569, 615
5, 10.595, 512
4, 10.620, 600
5, 10.646, 494
4, 10.670, 578
5, 10.696, 478
4, 10.722, 552
5, 10.747, 466
4, 10.772, 521
5, 10.797, 459
4, 10.823, 487
5, 10.849, 456
4, 10.873, 453
5, 10.899, 458
4, 10.924, 421
5, 10.950, 465
4, 10.975, 390
5, 11.000, 475
4, 11.026, 364
5, 11.051, 489
4, 11.076, 345
5, 11.102, 507
4, 11.127, 333
5, 11.153, 526
4, 11.177, 328
5, 11.203, 546
4, 11.229, 331
5, 11.254, 565
4, 11.279, 341
5, 11.304, 583
4, 11.330, 360
5, 11.356, 598
4, 11.380, 384
5, 11.406, 611
4, 11.431, 414
5, 11.457, 620
4, 11.481, 447
5, 11.507, 625
4, 11.533, 481
5, 11.558, 626
4, 11.583, 517
5, 11.608, 623
4, 11.634, 550
5, 11.660, 616
4, 11.684, 580
5, 11.710, 605
4, 11.735, 604
5, 11.761, 591
4, 11.786, 622
5, 11.811, 575
4, 11.837, 632
5, 11.862, 561
4, 11.887, 634
5, 11.913, 543
4, 11.938, 628
5, 11.964, 526
4, 11.988, 614
5, 12.014, 511
4, 12.040, 593
5, 12.065, 499
4, 12.090, 566
5, 12.115, 489
4, 12.141, 534
5, 12.167, 482
4, 12.191, 498
5, 12.217, 479
4, 12.242, 462
5, 12.268, 480
4, 12.293, 427
5, 12.318, 484
4, 12.344, 394
5, 12.369, 491
4, 12.394, 365
5, 12.419, 501
4, 12.445, 342
5, 12.471, 512
4, 12.495, 327
5, 12.521, 526
4, 12.546, 320
5, 12.572, 541
4, 12.597, 322
5, 12.622, 555
4, 12.648, 331
5, 12.673, 568
4, 12.698, 347
5, 12.724, 579
4, 12.749, 371
5, 12.775, 589
4, 12.799, 401
5, 12.825, 596
4, 12.851, 435
5, 12.876, 601
4, 12.901, 472
5, 12.926, 603
4, 12.952, 509
5, 12.978, 601
4, 13.002, 544
5, 13.028, 597
4, 13.053, 576
5, 13.079, 590
4, 13.104, 604
5, 13.129, 581
4, 13.155, 624
5, 13.180, 571
4, 13.205, 637
5, 13.230, 559
4, 13.256, 641
5, 13.282, 548
4, 13.306, 637
5, 13.332, 538
4, 13.357, 624
5, 13.383, 528
4, 13.408, 604
5, 13.433, 518
4, 13.459, 578
5, 13.484, 512
4, 13.510, 545
5, 13.535, 507
4, 13.560, 510
5, 13.586, 503
4, 13.611, 472
5, 13.636, 503
4, 13.662, 435
5, 13.687, 505
4, 13.713, 400
5, 13.737, 509
4, 13.763, 369
5, 13.789, 515
4, 13.814, 343
5, 13.839, 522
4, 13.864, 325
5, 13.890, 530
4, 13.916, 316
5, 13.940, 539
4, 13.966, 316
5, 13.991, 548
4, 14.017, 322
5, 14.041, 556
4, 14.067, 337
5, 14.093, 563
4, 14.118, 360
5, 14.143, 569
4, 14.168, 390
5, 14.194, 574
4, 14.220, 423
5, 14.244, 577
4, 14.270, 460
5, 14.295, 578
4, 14.321, 498
5, 14.346, 578
4, 14.371, 536
5, 14.397, 576
4, 14.422, 570
5, 14.447, 573
4, 14.473, 598
5, 14.498, 569
4, 14.524, 622
5, 14.548, 563
4, 14.574, 637
5, 14.600, 558
4, 14.625, 644
5, 14.650, 552
4, 14.675, 642
5, 14.701, 546
4, 14.727, 632
5, 14.751, 541
4, 14.777, 613
5, 14.802, 536
4, 14.828, 587
5, 14.853, 532
4, 14.878, 556
5, 14.904, 530
4, 14.929, 520
5, 14.954, 527
4, 14.979, 482
5, 15.005, 527
4, 15.031, 445
5, 15.055, 527
4, 15.081, 409
5, 15.106, 529
4, 15.132, 376
5, 15.157, 531
4, 15.182, 349
5, 15.208, 533
4, 15.233, 328
5, 15.258, 537
4, 15.284, 316
5, 15.309, 539
4, 15.335, 314
5, 15.359, 543
4, 15.385, 318
5, 15.411, 546
4, 15.436, 332
5, 15.461, 549
4, 15.486, 353
5, 15.512, 551
4, 15.538, 380
5, 15.562, 553
4, 15.588, 414
5, 15.613, 554
4, 15.639, 450
5, 15.664, 554
4, 15.689, 488
5, 15.715, 555
4, 15.740, 525
5, 15.765, 555
4, 15.790, 561
5, 15.816, 555
4, 15.842, 591
5, 15.866, 554
4, 15.892, 615
5, 15.917, 554
4, 15.943, 633
5, 15.968, 553
4, 15.993, 642
5, 16.019, 553
4, 16.044, 642
5, 16.069, 553
4, 16.095, 635
5, 16.120, 552
4, 16.146, 617
5, 16.170, 553
4, 16.196, 594
5, 16.222, 552
4, 16.247, 564
5, 16.272, 552
4, 16.297, 530
5, 16.323, 551
4, 16.349, 493
5, 16.373, 551
4, 16.399, 455
5, 16.424, 551
4, 16.450, 418
5, 16.475, 550
4, 16.500, 385
5, 16.526, 548
4, 16.551, 357
5, 16.577, 547
4, 16.601, 335
5, 16.627, 545
4, 16.653, 322
5, 16.678, 543
4, 16.703, 317
5, 16.728, 541
4, 16.754, 319
5, 16.780, 539
4, 16.804, 330
5, 16.830, 536
4, 16.855, 349
5, 16.881, 535
4, 16.906, 375
5, 16.931, 533
4, 16.957, 406
5, 16.982, 532
4, 17.007, 441
5, 17.033, 531
4, 17.058, 478
5, 17.084, 532
4, 17.108, 515
5, 17.134, 533
4, 17.160, 550
5, 17.185, 536
4, 17.210, 581
5, 17.235, 538
4, 17.261, 607
5, 17.287, 542
4, 17.311, 625
5, 17.337, 546
4, 17.362, 636
5, 17.388, 551
4, 17.413, 638
5, 17.438, 555
4, 17.464, 633
5, 17.489, 560
4, 17.514, 619
5, 17.539, 564
4, 17.565, 597
5, 17.591, 568
4, 17.615, 570
5, 17.641, 571
4, 17.666, 538
5, 17.692, 573
4, 17.717, 502
5, 17.742, 573
4, 17.768, 466
5, 17.793, 573
4, 17.818, 430
5, 17.844, 571
4, 17.869, 396
5, 17.895, 566
4, 17.919, 368
5, 17.945, 561
4, 17.971, 345
5, 17.996, 555
4, 18.021, 330
5, 18.046, 549
4, 18.072, 323
5, 18.098, 542
4, 18.122, 324
5, 18.148, 535
4, 18.173, 332
5, 18.199, 528
4, 18.224, 349
5, 18.249, 521
4, 18.275, 372
5, 18.300, 516
4, 18.325, 400
5, 18.350, 513
4, 18.376, 433
5, 18.402, 510
4, 18.426, 468
5, 18.452, 510
4, 18.477, 504
5, 18.503, 513
4, 18.528, 538
5, 18.553, 517
4, 18.579, 568
5, 18.604, 522
4, 18.629, 595
5, 18.655, 529
4, 18.680, 615
5, 18.706, 537
4, 18.730, 627
5, 18.756, 547
4, 18.782, 631
5, 18.807, 557
4, 18.832, 628
5, 18.857, 566
4, 18.883, 616
5, 18.909, 574
4, 18.933, 598
5, 18.959, 583
4, 18.984, 573
5, 19.010, 588
4, 19.035, 544
5, 19.060, 593
4, 19.086, 510
5, 19.111, 594
4, 19.136, 476
5, 19.161, 594
4, 19.187, 441
5, 19.213, 590
4, 19.237, 409
5, 19.263, 585
4, 19.288, 381
5, 19.314, 577
4, 19.339, 358
5, 19.364, 567
4, 19.390, 341
5, 19.415, 556
4, 19.440, 333
5, 19.466, 544
4, 19.491, 332
5, 19.517, 533
4, 19.541, 337
5, 19.567, 521
4, 19.593, 350
5, 19.618, 511
4, 19.643, 371
5, 19.668, 502
4, 19.694, 397
5, 19.720, 495
4, 19.744, 426
5, 19.770, 491
4, 19.795, 460
5, 19.821, 489
4, 19.846, 493
5, 19.871, 492
4, 19.897, 526
5, 19.922, 497
4, 19.947, 555
5, 19.973, 505
4, 19.998, 581
5, 20.024, 515
4, 20.048, 601
5, 20.074, 527
4, 20.099, 614
5, 20.125, 541
4, 20.150, 620
5, 20.175, 555
4, 20.201, 620
5, 20.226, 569
4, 20.252, 611
5, 20.277, 583
4, 20.302, 595
5, 20.328, 594
4, 20.353, 573
5, 20.378, 603
4, 20.404, 547
5, 20.429, 609
4, 20.455, 517
5, 20.479, 613
4, 20.505, 486
5, 20.531, 613
4, 20.556, 453
5, 20.581, 610
4, 20.606, 423
5, 20.632, 603
4, 20.658, 395
5, 20.682, 593
4, 20.708, 372
5, 20.733, 580
4, 20.759, 355
5, 20.784, 566
4, 20.809, 346
5, 20.835, 549
4, 20.860, 344
5, 20.885, 533
4, 20.910, 346
5, 20.936, 517
4, 20.962, 357
5, 20.986, 502
4, 21.012, 374
5, 21.037, 490
4, 21.063, 397
5, 21.088, 480
4, 21.113, 423
5, 21.139, 474
4, 21.164, 453
5, 21.189, 471
4, 21.215, 483
5, 21.240, 473
4, 21.266, 513
5, 21.290, 478
4, 21.316, 541
5, 21.342, 488
4, 21.367, 565
5, 21.392, 500
4, 21.417, 585
5, 21.443, 516
4, 21.469, 599
5, 21.493, 533
4, 21.519, 606
5, 21.544, 551
4, 21.570, 606
5, 21.595, 569
4, 21.620, 600
5, 21.646, 587
4, 21.671, 588
5, 21.696, 602
4, 21.721, 571
5, 21.747, 615
4, 21.773, 547
5, 21.797, 625
4, 21.823, 521
5, 21.848, 630
4, 21.874, 492
5, 21.899, 631
4, 21.924, 464
5, 21.950, 627
4, 21.975, 436
5, 22.000, 620
4, 22.026, 411
5, 22.051, 609
4, 22.077, 389
5, 22.101, 594
4, 22.127, 373
5, 22.153, 576
4, 22.178, 362
5, 22.203, 556
4, 22.228, 358
5, 22.254, 536
4, 22.280, 359
5, 22.304, 516
4, 22.330, 368
5, 22.355, 497
4, 22.381, 381
5, 22.406, 480
4, 22.431, 400
5, 22.457, 468
4, 22.482, 422
5, 22.507, 459
4, 22.533, 448
5, 22.558, 455
4, 22.584, 475
5, 22.608, 456
4, 22.634, 502
5, 22.659, 461
4, 22.685, 527
5, 22.710, 471
4, 22.735, 550
5, 22.761, 485
4, 22.786, 568
5, 22.811, 503
4, 22.837, 582
5, 22.862, 524
4, 22.888, 589
5, 22.912, 545
4, 22.938, 592
5, 22.964, 567
4, 22.989, 588
5, 23.014, 589
4, 23.039, 578
5, 23.065, 608
4, 23.091, 564
5, 23.115, 624
4, 23.141, 545
5, 23.166, 636
4, 23.192, 522
5, 23.217, 644
4, 23.242, 498
5, 23.268, 647
4, 23.293, 473
5, 23.319, 644
4, 23.344, 448
5, 23.369, 637
4, 23.395, 425
5, 23.420, 623
4, 23.445, 406
5, 23.470, 607
4, 23.496, 390
5, 23.522, 586
4, 23.546, 379
5, 23.572, 565
4, 23.597, 374
5, 23.623, 541
4, 23.648, 374
5, 23.673, 517
4, 23.699, 380
5, 23.724, 495
4, 23.749, 390
5, 23.775, 475
4, 23.800, 405
5, 23.826, 460
4, 23.850, 424
5, 23.876, 448
4, 23.902, 445
5, 23.927, 441
4, 23.952, 468
5, 23.977, 441
4, 24.003, 491
5, 24.029, 446
4, 24.053, 513
5, 24.079, 456
4, 24.104, 534
5, 24.130, 471
4, 24.155, 551
5, 24.180, 491
4, 24.206, 563
5, 24.231, 514
4, 24.256, 571
5, 24.281, 538
4, 24.307, 574
5, 24.333, 564
4, 24.357, 572
5, 24.383, 588
4, 24.408, 566
5, 24.434, 611
4, 24.459, 555
5, 24.484, 630
4, 24.510, 539
5, 24.535, 646
4, 24.560, 522
5, 24.586, 655
4, 24.611, 501
5, 24.637, 659
4, 24.661, 480
5, 24.687, 658
4, 24.713, 459
5, 24.738, 651
4, 24.763, 439
5, 24.788, 639
4, 24.814, 423
5, 24.840, 620
4, 24.864, 409
5, 24.890, 599
4, 24.915, 399
5, 24.941, 574
4, 24.966, 393
5, 24.991, 548
4, 25.017, 392
5, 25.042, 521
4, 25.067, 395
5, 25.093, 496
4, 25.118, 403
5, 25.144, 472
4, 25.168, 415
5, 25.194, 453
4, 25.219, 429
5, 25.245, 439
4, 25.270, 446
5, 25.295, 431
4, 25.321, 465
5, 25.346, 429
4, 25.371, 483
5, 25.397, 432
4, 25.422, 501
5, 25.448, 443
4, 25.472, 518
5, 25.498, 458
4, 25.524, 533
5, 25.549, 479
4, 25.574, 544
5, 25.599, 503
4, 25.625, 552
5, 25.651, 530
4, 25.675, 556
5, 25.701, 557
4, 25.726, 555
5, 25.752, 585
4, 25.777, 550
5, 25.802, 611
4, 25.828, 542
5, 25.853, 633
4, 25.878, 531
5, 25.904, 650
4, 25.929, 517
5, 25.955, 662
4, 25.979, 501
5, 26.005, 669
4, 26.030, 485
5, 26.056, 669
4, 26.081, 468
5, 26.106, 662
4, 26.132, 453
5, 26.157, 651
4, 26.182, 439
5, 26.208, 633
4, 26.233, 427
5, 26.259, 610
4, 26.283, 419
5, 26.309, 583
4, 26.335, 414
5, 26.360, 556
4, 26.385, 412
5, 26.410, 527
4, 26.436, 413
5, 26.462, 499
4, 26.486, 419
5, 26.512, 473
4, 26.537, 427
5, 26.563, 451
4, 26.588, 437
5, 26.613, 435
4, 26.639, 449
5, 26.664, 423
4, 26.689, 463
5, 26.715, 420
4, 26.740, 477
5, 26.766, 422
4, 26.790, 491
5, 26.816, 431
4, 26.841, 503
5, 26.867, 447
4, 26.892, 515
5, 26.917, 467
4, 26.943, 525
5, 26.968, 493
4, 26.993, 531
5, 27.019, 521
4, 27.044, 534
5, 27.070, 550
4, 27.094, 535
5, 27.120, 580
4, 27.146, 533
5, 27.171, 607
4, 27.196, 527
5, 27.221, 633
4, 27.247, 520
5, 27.273, 653
4, 27.297, 511
5, 27.323, 667
4, 27.348, 500
5, 27.374, 675
4, 27.399, 487
5, 27.424, 678
4, 27.450, 476
5, 27.475, 672
4, 27.500, 465
5, 27.526, 661
4, 27.551, 455
5, 27.577, 643
4, 27.601, 446
5, 27.627, 620
4, 27.653, 439
5, 27.678, 593
4, 27.703, 434
5, 27.728, 564
4, 27.754, 433
5, 27.779, 534
4, 27.804, 434
5, 27.830, 504
4, 27.855, 436
5, 27.881, 476
4, 27.905, 440
5, 27.931, 452
4, 27.957, 447
5, 27.982, 433
4, 28.007, 456
5, 28.032, 421
4, 28.058, 464
5, 28.084, 415
4, 28.108, 473
5, 28.134, 416
4, 28.159, 482
5, 28.185, 423
4, 28.210, 491
5, 28.235, 438
4, 28.261, 498
5, 28.286, 459
4, 28.311, 504
5, 28.337, 484
4, 28.362, 510
5, 28.388, 512
4, 28.412, 512
5, 28.438, 542
4, 28.464, 513
5, 28.489, 573
4, 28.514, 513
5, 28.539, 603
4, 28.565, 510
5, 28.590, 629
4, 28.615, 506
5, 28.641, 651
4, 28.666, 501
5, 28.692, 668
4, 28.716, 495
5, 28.742, 678
4, 28.768, 488
5, 28.793, 680
4, 28.818, 481
5, 28.843, 678
4, 28.869, 475
5, 28.895, 667
4, 28.919, 469
5, 28.945, 651
4, 28.970, 464
5, 28.996, 628
4, 29.021, 459
5, 29.046, 602
4, 29.072, 457
5, 29.097, 572
4, 29.122, 454
5, 29.148, 542
4, 29.173, 453
5, 29.199, 510
4, 29.223, 455
5, 29.249, 481
4, 29.275, 457
5, 29.300, 455
4, 29.325, 459
5, 29.350, 436
4, 29.376, 463
5, 29.401, 422
4, 29.426, 467
5, 29.452, 414
4, 29.477, 472
5, 29.503, 413
4, 29.527, 476
5, 29.553, 418
4, 29.579, 480
5, 29.604, 432
4, 29.629, 484
5, 29.654, 450
4, 29.680, 488
5, 29.706, 475
4, 29.730, 489
5, 29.756, 504
4, 29.781, 491
5, 29.807, 533
4, 29.832, 492
5, 29.857, 564
4, 29.883, 492
5, 29.908, 595
4, 29.933, 492
5, 29.959, 623
4, 29.984, 491
5, 30.010, 646
4, 30.034, 490
5, 30.060, 665
4, 30.086, 487
5, 30.111, 677
4, 30.136, 486
5, 30.161, 681
4, 30.187, 484
5, 30.213, 681
4, 30.237, 482
5, 30.263, 672
4, 30.288, 480
5, 30.314, 656
4, 30.338, 479
5, 30.364, 635
4, 30.390, 477
5, 30.415, 610
4, 30.440, 476
5, 30.465, 581
4, 30.491, 475
5, 30.517, 550
4, 30.541, 474
5, 30.567, 519
4, 30.592, 475
5, 30.618, 490
4, 30.643, 474
5, 30.668, 463
4, 30.694, 473
5, 30.719, 441
4, 30.744, 474
5, 30.770, 425
4, 30.795, 473
5, 30.821, 415
4, 30.845, 473
5, 30.871, 413
4, 30.897, 472
5, 30.922, 417
4, 30.947, 472
5, 30.972, 428
4, 30.998, 471
5, 31.024, 446
4, 31.048, 471
5, 31.074, 469
4, 31.099, 471
5, 31.125, 497
4, 31.149, 471
5, 31.175, 526
4, 31.201, 471
5, 31.226, 557
4, 31.251, 472
5, 31.276, 587
4, 31.302, 474
5, 31.328, 615
4, 31.352, 475
5, 31.378, 640
4, 31.403, 477
5, 31.429, 661
4, 31.454, 479
5, 31.479, 673
4, 31.505, 481
5, 31.530, 679
4, 31.555, 484
5, 31.581, 679
4, 31.606, 486
5, 31.632, 673
4, 31.656, 489
5, 31.682, 659
4, 31.708, 492
5, 31.733, 640
4, 31.758, 493
5, 31.783, 615
4, 31.809, 494
5, 31.835, 587
4, 31.859, 495
5, 31.885, 558
4, 31.910, 495
5, 31.936, 527
4, 31.960, 494
5, 31.986, 498
4, 32.012, 492
5, 32.037, 471
4, 32.062, 489
5, 32.087, 449
4, 32.113, 485
5, 32.139, 431
4, 32.163, 481
5, 32.189, 420
4, 32.214, 476
5, 32.240, 416
4, 32.266, 471
5, 32.290, 418
4, 32.316, 467
5, 32.341, 427
4, 32.367, 462
5, 32.392, 444
4, 32.417, 458
5, 32.443, 465
4, 32.468, 455
5, 32.493, 491
4, 32.519, 453
5, 32.544, 519
4, 32.570, 452
5, 32.594, 549
4, 32.620, 453
5, 32.646, 578
4, 32.671, 455
5, 32.696, 606
4, 32.721, 458
5, 32.747, 632
4, 32.773, 463
5, 32.797, 653
4, 32.823, 468
5, 32.848, 667
4, 32.874, 475
5, 32.898, 674
4, 32.924, 482
5, 32.950, 676
4, 32.975, 489
5, 33.000, 671
4, 33.025, 496
5, 33.051, 659
4, 33.077, 501
5, 33.101, 642
4, 33.127, 507
5, 33.152, 620
4, 33.178, 512
5, 33.203, 594
4, 33.228, 513
5, 33.254, 565
4, 33.279, 513
5, 33.304, 536
4, 33.330, 513
5, 33.355, 507
4, 33.381, 509
5, 33.405, 481
4, 33.431, 504
5, 33.457, 457
4, 33.482, 498
5, 33.507, 439
4, 33.532, 490
5, 33.558, 427
4, 33.584, 481
5, 33.608, 422
4, 33.634, 472
5, 33.659, 422
4, 33.685, 463
5, 33.709, 430
4, 33.735, 454
5, 33.761, 444
4, 33.786, 447
5, 33.811, 462
4, 33.836, 441
5, 33.862, 486
4, 33.888, 436
5, 33.912, 513
4, 33.938, 434
5, 33.963, 541
4, 33.989, 434
5, 34.014, 570
4, 34.039, 437
5, 34.065, 596
4, 34.090, 441
5, 34.115, 622
4, 34.141, 448
5, 34.166, 642
4, 34.192, 457
5, 34.216, 657
4, 34.242, 467
5, 34.268, 665
4, 34.293, 479
5, 34.318, 669
4, 34.343, 489
5, 34.369, 666
4, 34.395, 500
5, 34.419, 657
4, 34.445, 510
5, 34.470, 642
4, 34.496, 519
5, 34.520, 622
4, 34.546, 526
5, 34.572, 597
4, 34.597, 530
5, 34.622, 571
4, 34.647, 532
5, 34.673, 544
4, 34.699, 531
5, 34.723, 517
4, 34.749, 526
5, 34.774, 491
4, 34.800, 520
5, 34.825, 469
4, 34.850, 511
5, 34.876, 451
4, 34.901, 499
5, 34.926, 439
4, 34.952, 487
5, 34.977, 432
4, 35.003, 474
5, 35.027, 431
4, 35.053, 460
5, 35.079, 436
4, 35.104, 448
5, 35.129, 448
4, 35.154, 437
5, 35.180, 465
4, 35.206, 428
5, 35.230, 485
4, 35.256, 421
5, 35.281, 509
4, 35.307, 417
5, 35.331, 535
4, 35.357, 416
5, 35.383, 562
4, 35.408, 419
5, 35.434, 587
4, 35.458, 426
5, 35.484, 610
4, 35.510, 434
5, 35.535, 630
4, 35.560, 445
5, 35.585, 646
4, 35.611, 458
5, 35.637, 655
4, 35.661, 472
5, 35.687, 660
4, 35.712, 488
5, 35.738, 658
4, 35.763, 503
5, 35.788, 651
4, 35.814, 516
5, 35.839, 639
4, 35.864, 529
5, 35.890, 620
4, 35.915, 539
5, 35.941, 599
4, 35.965, 545
5, 35.991, 575
4, 36.017, 548
5, 36.042, 551
4, 36.067, 547
5, 36.092, 526
4, 36.118, 544
5, 36.144, 501
4, 36.168, 535
5, 36.194, 480
4, 36.219, 525
5, 36.245, 463
4, 36.269, 511
5, 36.295, 451
4, 36.321, 495
5, 36.346, 444
4, 36.371, 478
5, 36.396, 441
4, 36.422, 462
5, 36.448, 445
4, 36.472, 445
5, 36.498, 454
4, 36.523, 431
5, 36.549, 468
4, 36.574, 419
5, 36.599, 486
4, 36.625, 408
5, 36.650, 506
4, 36.675, 403
5, 36.701, 531
4, 36.726, 400
5, 36.752, 554
4, 36.776, 403
5, 36.802, 577
4, 36.828, 409
5, 36.853, 599
4, 36.878, 419
5, 36.903, 617
4, 36.929, 432
5, 36.955, 633
4, 36.979, 448
5, 37.005, 643
4, 37.030, 465
5, 37.056, 648
4, 37.080, 484
5, 37.106, 647
4, 37.132, 503
5, 37.157, 642
4, 37.182, 520
5, 37.207, 632
4, 37.233, 536
5, 37.259, 618
4, 37.283, 548
5, 37.309, 599
4, 37.334, 557
5, 37.360, 578
4, 37.385, 562
5, 37.410, 557
4, 37.436, 562
5, 37.461, 534
4, 37.486, 559
5, 37.512, 513
4, 37.537, 550
5, 37.563, 493
4, 37.587, 537
5, 37.613, 478
4, 37.639, 522
5, 37.664, 465
4, 37.689, 505
5, 37.714, 457
4, 37.740, 484
5, 37.766, 454
4, 37.790, 465
5, 37.816, 456
4, 37.841, 445
5, 37.867, 463
4, 37.891, 427
5, 37.917, 474
4, 37.943, 411
5, 37.968, 489
4, 37.993, 399
5, 38.018, 507
4, 38.044, 391
5, 38.070, 527
4, 38.094, 388
5, 38.120, 548
4, 38.145, 389
5, 38.171, 568
4, 38.196, 395
5, 38.221, 588
4, 38.247, 405
5, 38.272, 605
4, 38.297, 420
5, 38.323, 618
4, 38.348, 437
5, 38.374, 628
4, 38.398, 457
5, 38.424, 634
4, 38.450, 479
5, 38.475, 635
4, 38.500, 500
5, 38.525, 631
4, 38.551, 521
5, 38.577, 623
4, 38.601, 539
5, 38.627, 611
4, 38.652, 555
5, 38.678, 596
4, 38.702, 566
5, 38.728, 579
4, 38.754, 572
5, 38.779, 560
4, 38.804, 575
5, 38.829, 541
4, 38.855, 572
5, 38.881, 523
4, 38.905, 564
5, 38.931, 505
4, 38.956, 551
5, 38.982, 491
4, 39.007, 534
5, 39.032, 480
4, 39.058, 515
5, 39.083, 472
4, 39.109, 492
5, 39.134, 468
4, 39.159, 469
5, 39.185, 469
4, 39.210, 447
5, 39.235, 475
4, 39.261, 426
5, 39.286, 482
4, 39.312, 408
5, 39.336, 494
4, 39.362, 393
5, 39.388, 509
4, 39.413, 383
5, 39.438, 525
4, 39.463, 377
5, 39.489, 543
4, 39.515, 377
5, 39.539, 560
4, 39.565, 383
5, 39.590, 576
4, 39.616, 393
5, 39.640, 591
4, 39.666, 408
5, 39.692, 603
4, 39.717, 427
5, 39.742, 611
4, 39.767, 449
5, 39.793, 617
4, 39.819, 472
5, 39.843, 620
4, 39.869, 497
5, 39.894, 618
4, 39.920, 520
5, 39.945, 612
4, 39.970, 540
5, 39.996, 603
4, 40.021, 559
5, 40.046, 592
4, 40.072, 572
5, 40.097, 578
4, 40.123, 581
5, 40.147, 563
4, 40.173, 585
5, 40.199, 547
4, 40.224, 583
5, 40.249, 532
4, 40.274, 575
5, 40.300, 518
4, 40.326, 562
5, 40.350, 505
4, 40.376, 544
5, 40.401, 495
4, 40.427, 523
5, 40.451, 488
4, 40.477, 500
5, 40.503, 485
4, 40.528, 475
5, 40.553, 484
4, 40.578, 451
5, 40.604, 487
4, 40.630, 427
5, 40.654, 493
4, 40.680, 406
5, 40.705, 502
4, 40.731, 389
5, 40.756, 513
4, 40.781, 377
5, 40.807, 526
4, 40.832, 370
5, 40.857, 539
4, 40.883, 368
5, 40.908, 554
4, 40.934, 373
5, 40.958, 567
4, 40.984, 383
5, 41.010, 578
4, 41.035, 398
5, 41.060, 588
4, 41.085, 417
5, 41.111, 596
4, 41.137, 440
5, 41.161, 601
4, 41.187, 465
5, 41.212, 603
4, 41.238, 491
5, 41.262, 602
4, 41.288, 516
5, 41.314, 598
4, 41.339, 540
5, 41.364, 592
4, 41.389, 560
5, 41.415, 584
4, 41.441, 575
5, 41.465, 574
4, 41.491, 586
5, 41.516, 563
4, 41.542, 592
5, 41.567, 551
4, 41.592, 591
5, 41.618, 539
4, 41.643, 584
5, 41.668, 529
4, 41.694, 572
5, 41.719, 519
4, 41.745, 555
5, 41.769, 511
4, 41.795, 533
5, 41.821, 506
4, 41.846, 508
5, 41.871, 503
4, 41.896, 482
5, 41.922, 500
4, 41.948, 455
5, 41.972, 503
4, 41.998, 430
5, 42.023, 506
4, 42.049, 407
5, 42.073, 513
4, 42.099, 388
5, 42.125, 521
4, 42.150, 373
5, 42.176, 530
4, 42.200, 365
5, 42.226, 538
4, 42.252, 362
5, 42.277, 548
4, 42.302, 365
5, 42.327, 558
4, 42.353, 374
5, 42.379, 567
4, 42.403, 388
5, 42.429, 574
4, 42.454, 408
5, 42.480, 580
4, 42.505, 432
5, 42.530, 584
4, 42.556, 458
5, 42.581, 586
4, 42.606, 484
5, 42.632, 586
4, 42.657, 511
5, 42.683, 584
4, 42.707, 537
5, 42.733, 580
4, 42.759, 558
5, 42.784, 575
4, 42.809, 576
5, 42.834, 568
4, 42.860, 588
5, 42.886, 561
4, 42.910, 595
5, 42.936, 553
4, 42.961, 596
5, 42.987, 545
4, 43.011, 591
5, 43.037, 538
4, 43.063, 578
5, 43.088, 531
4, 43.113, 562
5, 43.138, 527
4, 43.164, 542
5, 43.190, 522
4, 43.214, 516
5, 43.240, 519
4, 43.265, 489
5, 43.291, 519
4, 43.316, 462
5, 43.341, 519
4, 43.367, 435
5, 43.392, 521
4, 43.417, 411
5, 43.443, 524
4, 43.468, 390
5, 43.494, 529
4, 43.518, 373
5, 43.544, 535
4, 43.570, 363
5, 43.595, 540
4, 43.620, 359
5, 43.645, 546
4, 43.671, 360
5, 43.697, 551
4, 43.721, 368
5, 43.747, 556
4, 43.772, 382
5, 43.798, 561
4, 43.822, 401
5, 43.848, 565
4, 43.874, 423
5, 43.899, 567
4, 43.924, 450
5, 43.949, 568
4, 43.975, 477
5, 44.001, 568
4, 44.025, 505
5, 44.051, 567
4, 44.076, 531
5, 44.102, 565
4, 44.127, 554
5, 44.152, 563
4, 44.178, 574
5, 44.203, 560
4, 44.228, 588
5, 44.254, 556
4, 44.279, 596
5, 44.305, 553
4, 44.329, 598
5, 44.355, 549
4, 44.381, 593
5, 44.406, 546
4, 44.431, 584
5, 44.456, 543
4, 44.482, 568
5, 44.508, 541
4, 44.532, 548
5, 44.558, 539
4, 44.583, 524
5, 44.609, 538
4, 44.633, 497
5, 44.659, 537
4, 44.685, 469
5, 44.710, 537
4, 44.735, 442
5, 44.760, 538
4, 44.786, 417
5, 44.812, 539
4, 44.836, 394
5, 44.862, 540
4, 44.887, 376
5, 44.913, 541
4, 44.938, 365
5, 44.963, 543
4, 44.989, 359
5, 45.014, 545
4, 45.039, 359
5, 45.065, 547
4, 45.090, 365
5, 45.116, 548
4, 45.140, 378
5, 45.166, 549
4, 45.192, 396
5, 45.217, 550
4, 45.242, 418
5, 45.267, 551
4, 45.293, 443
5, 45.319, 551
4, 45.343, 470
5, 45.369, 551
4, 45.394, 498
5, 45.420, 550
4, 45.445, 525
5, 45.470, 551
4, 45.496, 549
5, 45.521, 550
4, 45.546, 569
5, 45.571, 551
4, 45.597, 583
5, 45.623, 551
4, 45.647, 593
5, 45.673, 551
4, 45.698, 597
5, 45.724, 551
4, 45.749, 595
5, 45.774, 552
4, 45.800, 586
5, 45.825, 552
4, 45.850, 572
5, 45.876, 552
4, 45.901, 552
5, 45.927, 553
4, 45.951, 530
5, 45.977, 553
4, 46.003, 503
5, 46.028, 553
4, 46.053, 476
5, 46.078, 553
4, 46.104, 449
5, 46.130, 553
4, 46.154, 424
5, 46.180, 552
4, 46.205, 401
5, 46.231, 551
4, 46.256, 383
5, 46.281, 549
4, 46.307, 370
5, 46.332, 547
4, 46.357, 362
5, 46.382, 546
4, 46.408, 361
5, 46.434, 543
4, 46.458, 366
5, 46.484, 541
4, 46.509, 376
5, 46.535, 539
4, 46.560, 393
5, 46.585, 537
4, 46.611, 414
5, 46.636, 535
4, 46.662, 437
5, 46.687, 535
4, 46.712, 464
5, 46.738, 535
4, 46.763, 491
5, 46.788, 536
4, 46.814, 517
5, 46.839, 537
4, 46.865, 541
5, 46.889, 538
4, 46.915, 562
5, 46.941, 541
4, 46.966, 578
5, 46.991, 544
4, 47.016, 588
5, 47.042, 548
4, 47.068, 593
5, 47.092, 553
4, 47.118, 592
5, 47.143, 556
4, 47.169, 586
5, 47.193, 560
4, 47.219, 573
5, 47.245, 563
4, 47.270, 556
5, 47.295, 567
4, 47.320, 534
5, 47.346, 569
4, 47.372, 509
5, 47.396, 569
4, 47.422, 483
5, 47.447, 569
4, 47.473, 457
5, 47.498, 568
4, 47.523, 431
5, 47.549, 566
4, 47.574, 409
5, 47.599, 563
4, 47.625, 390
5, 47.650, 558
4, 47.676, 376
5, 47.700, 553
4, 47.726, 368
5, 47.752, 547
4, 47.777, 365
5, 47.802, 542
4, 47.827, 368
5, 47.853, 536
4, 47.879, 378
5, 47.903, 529
4, 47.929, 392
5, 47.954, 526
4, 47.980, 411
5, 48.005, 523
4, 48.030, 433
5, 48.056, 520
4, 48.081, 457
5, 48.106, 519
4, 48.131, 483
5, 48.157, 519
4, 48.183, 509
5, 48.207, 522
4, 48.233, 533
5, 48.258, 525
4, 48.284, 553
5, 48.309, 530
4, 48.334, 569
5, 48.360, 536
4, 48.385, 580
5, 48.410, 543
4, 48.436, 588
5, 48.461, 551
4, 48.487, 588
5, 48.511, 559
4, 48.537, 582
5, 48.563, 566
4, 48.588, 571
5, 48.613, 572
4, 48.638, 557
5, 48.664, 577
4, 48.690, 537
5, 48.714, 581
4, 48.740, 514
5, 48.765, 584
4, 48.791, 488
5, 48.816, 584
4, 48.841, 464
5, 48.867, 583
4, 48.892, 439
5, 48.917, 579
4, 48.942, 417
5, 48.968, 574
4, 48.994, 399
5, 49.018, 568
4, 49.044, 385
5, 49.069, 560
4, 49.095, 376
5, 49.120, 551
4, 49.145, 372
5, 49.171, 543
4, 49.196, 374
5, 49.221, 534
4, 49.247, 381
5, 49.272, 525
4, 49.298, 393
5, 49.322, 517
4, 49.348, 410
5, 49.374, 511
4, 49.399, 430
5, 49.424, 508
4, 49.449, 453
5, 49.475, 505
4, 49.501, 476
5, 49.525, 506
4, 49.551, 500
5, 49.576, 508
4, 49.602, 523
5, 49.627, 513
4, 49.652, 543
5, 49.678, 519
4, 49.703, 560
5, 49.729, 528
4, 49.753, 571
5, 49.779, 538
4, 49.805, 578
5, 49.830, 548
4, 49.855, 580
5, 49.880, 559
4, 49.906, 576
5, 49.932, 569
4, 49.956, 568
5, 49.982, 578
4, 50.007, 555
5, 50.033, 587
4, 50.058, 537
5, 50.083, 592
4, 50.109, 517
5, 50.134, 596
4, 50.159, 495
5, 50.185, 598
4, 50.210, 472
5, 50.236, 596
4, 50.260, 449
5, 50.286, 593
4, 50.312, 429
5, 50.337, 586
4, 50.362, 410
5, 50.387, 577
4, 50.413, 396
5, 50.439, 568
4, 50.463, 386
5, 50.489, 556
4, 50.514, 381
5, 50.540, 544
4, 50.565, 381
5, 50.590, 532
4, 50.616, 387
5, 50.641, 520
4, 50.666, 396
5, 50.691, 510
4, 50.717, 411
5, 50.743, 502
4, 50.767, 429
5, 50.793, 496
4, 0.026, 512
5, 0.051, 537
4, 0.076, 513
5, 0.102, 536
4, 0.127, 512
5, 0.152, 535
4, 0.178, 513
5, 0.203, 535
4, 0.229, 513
5, 0.253, 535
4, 0.279, 512
5, 0.305, 534
4, 0.330, 512
5, 0.355, 534
4, 0.380, 511
5, 0.406, 534
4, 0.432, 511
5, 0.456, 533
4, 0.482, 510
5, 0.507, 532
4, 0.533, 510
5, 0.557, 533
4, 0.583, 510
5, 0.609, 533
4, 0.634, 510
5, 0.659, 533
4, 0.684, 509
5, 0.710, 534
4, 0.736, 509
5, 0.761, 534
4, 0.786, 509
5, 0.811, 534
4, 0.837, 509
5, 0.863, 534
4, 0.887, 509
5, 0.913, 535
4, 0.938, 510
5, 0.964, 535
4, 0.989, 509
5, 1.014, 536
4, 1.040, 510
5, 1.065, 535
4, 1.090, 510
5, 1.116, 536
4, 1.141, 510
5, 1.167, 536
4, 1.191, 511
5, 1.217, 537
4, 1.243, 511
5, 1.268, 536
4, 1.293, 511
5, 1.318, 536
4, 1.344, 511
5, 1.369, 536
4, 1.394, 512
5, 1.420, 536
4, 1.445, 512
5, 1.471, 536
4, 1.495, 512
5, 1.521, 536
4, 1.547, 512
5, 1.572, 535
4, 1.597, 512
5, 1.622, 534
4, 1.648, 512
5, 1.674, 534
4, 1.698, 512
5, 1.724, 534
4, 1.749, 511
5, 1.775, 534
4, 1.800, 511
5, 1.825, 533
4, 1.851, 510
5, 1.876, 533
4, 1.901, 510
5, 1.927, 533
4, 1.952, 510
5, 1.978, 534
4, 2.002, 510
5, 2.028, 533
4, 2.054, 510
5, 2.079, 533
4, 2.104, 509
5, 2.129, 534
4, 2.155, 510
5, 2.180, 535
4, 2.205, 509
5, 2.231, 535
4, 2.256, 509
5, 2.282, 535
4, 2.306, 509
5, 2.332, 536
4, 2.358, 509
5, 2.383, 536
4, 2.408, 509
5, 2.433, 536
4, 2.459, 511
5, 2.485, 536
4, 2.509, 511
5, 2.535, 536
4, 2.560, 511
5, 2.586, 536
4, 2.611, 512
5, 2.636, 536
4, 2.662, 512
5, 2.687, 536
4, 2.712, 512
5, 2.738, 536
4, 2.763, 512
5, 2.789, 536
4, 2.813, 512
5, 2.839, 535
4, 2.865, 512
5, 2.890, 535
4, 2.915, 512
5, 2.940, 535
4, 2.966, 511
5, 2.992, 534
4, 3.016, 511
5, 3.042, 534
4, 3.067, 511
5, 3.093, 534
4, 3.117, 511
5, 3.143, 534
4, 3.169, 510
5, 3.194, 534
4, 3.219, 510
5, 3.244, 534
4, 3.270, 509
5, 3.296, 534
4, 3.320, 509
5, 3.346, 534
4, 3.371, 509
5, 3.397, 534
4, 3.422, 509
5, 3.447, 534
4, 3.473, 509
5, 3.498, 534
4, 3.523, 510
5, 3.549, 535
4, 3.574, 510
5, 3.600, 535
4, 3.624, 510
5, 3.650, 536
4, 3.676, 510
5, 3.701, 535
4, 3.726, 510
5, 3.751, 536
4, 3.777, 511
5, 3.803, 536
4, 3.827, 510
5, 3.853, 536
4, 3.878, 511
5, 3.904, 536
4, 3.928, 512
5, 3.954, 536
4, 3.980, 512
5, 4.005, 536
4, 4.030, 512
5, 4.055, 536
4, 4.081, 512
5, 4.107, 535
4, 4.131, 512
5, 4.157, 536
4, 4.182, 512
5, 4.208, 535
4, 4.233, 512
5, 4.258, 535
4, 4.284, 512
5, 4.309, 535
4, 4.334, 511
5, 4.360, 535
4, 4.385, 511
5, 4.411, 535
4, 4.435, 511
5, 4.461, 535
4, 4.487, 510
5, 4.512, 535
4, 4.537, 510
5, 4.562, 535
4, 4.588, 510
5, 4.614, 534
4, 4.638, 510
5, 4.664, 535
4, 4.689, 509
5, 4.715, 535
4, 4.739, 510
5, 4.765, 534
4, 4.791, 509
5, 4.816, 534
4, 4.841, 510
5, 4.866, 534
4, 4.892, 509
5, 4.918, 535
4, 4.942, 509
5, 4.968, 535
4, 4.993, 510
5, 5.019, 535
4, 5.044, 510
5, 5.069, 535
4, 5.095, 511
5, 5.120, 536
4, 5.145, 511
5, 5.171, 535
4, 5.196, 511
5, 5.222, 535
4, 5.246, 510
5, 5.272, 536
4, 5.298, 511
5, 5.323, 535
4, 5.348, 511
5, 5.373, 536
4, 5.399, 511
5, 5.425, 535
4, 5.449, 511
5, 5.475, 535
4, 5.500, 512
5, 5.526, 535
4, 5.550, 511
5, 5.576, 535
4, 5.602, 511
5, 5.627, 536
4, 5.652, 510
5, 5.677, 535
4, 5.703, 511
5, 5.729, 535
4, 5.753, 510
5, 5.779, 535
4, 5.804, 510
5, 5.830, 535
4, 5.855, 510
5, 5.880, 535
4, 5.906, 510
5, 5.931, 535
4, 5.956, 509
5, 5.982, 535
4, 6.007, 509
5, 6.033, 535
4, 6.057, 509
5, 6.083, 535
4, 6.109, 509
5, 6.134, 535
4, 6.159, 510
5, 6.184, 536
4, 6.210, 509
5, 6.236, 535
4, 6.260, 510
5, 6.286, 535
4, 6.311, 510
5, 6.337, 537
4, 6.361, 510
5, 6.387, 536
4, 6.413, 510
5, 6.438, 535
4, 6.463, 510
5, 6.488, 536
4, 6.514, 510
5, 6.540, 536
4, 6.564, 511
5, 6.590, 536
4, 6.615, 511
5, 6.641, 536
4, 6.666, 511
5, 6.691, 536
4, 6.717, 512
5, 6.742, 536
4, 6.768, 511
5, 6.793, 536
4, 6.818, 511
5, 6.844, 535
4, 6.869, 511
5, 6.894, 535
4, 6.920, 511
5, 6.945, 535
4, 6.971, 511
5, 6.995, 535
4, 7.021, 511
5, 7.047, 534
4, 7.072, 511
5, 7.097, 535
4, 7.122, 511
5, 7.148, 535
4, 7.174, 510
5, 7.198, 535
4, 7.224, 510
5, 7.249, 534
4, 7.275, 510
5, 7.299, 535
4, 7.325, 510
5, 7.351, 535
4, 7.376, 510
5, 7.401, 534
4, 7.426, 510
5, 7.452, 535
4, 7.478, 510
5, 7.502, 535
4, 7.528, 510
5, 7.553, 536
4, 7.579, 509
5, 7.604, 536
4, 7.629, 509
5, 7.655, 535
4, 7.680, 510
5, 7.705, 535
4, 7.731, 510
5, 7.756, 535
4, 7.782, 510
5, 7.806, 537
4, 7.832, 510
5, 7.858, 535
4, 7.883, 510
5, 7.908, 535
4, 7.933, 511
5, 7.959, 536
4, 7.985, 510
5, 8.009, 536
4, 8.035, 511
5, 8.060, 536
4, 8.086, 511
5, 8.110, 536
4, 8.136, 510
5, 8.162, 536
4, 8.187, 511
5, 8.212, 536
4, 8.237, 511
5, 8.263, 536
4, 8.289, 511
5, 8.313, 535
4, 8.339, 511
5, 8.364, 535
4, 8.390, 511
5, 8.415, 535
4, 8.440, 510
5, 8.466, 534
4, 8.491, 511
5, 8.516, 534
4, 8.542, 509
5, 8.567, 535
4, 8.593, 509
5, 8.617, 535
4, 8.643, 510
5, 8.669, 535
4, 8.694, 510
5, 8.719, 535
4, 8.744, 509
5, 8.770, 535
4, 8.796, 509
5, 8.820, 535
4, 8.846, 510
5, 8.871, 535
4, 8.897, 510
5, 8.921, 535
4, 8.947, 510
5, 8.973, 535
4, 8.998, 510
5, 9.023, 536
4, 9.048, 510
5, 9.074, 535
4, 9.100, 510
5, 9.124, 536
4, 9.150, 511
5, 9.175, 535
4, 9.201, 511
5, 9.226, 535
4, 9.251, 511
5, 9.277, 536
4, 9.302, 511
5, 9.327, 536
4, 9.353, 511
5, 9.378, 535
4, 9.404, 511
5, 9.428, 536
4, 9.454, 510
5, 9.480, 536
4, 9.505, 510
5, 9.530, 535
4, 9.555, 511
5, 9.581, 535
4, 9.607, 511
5, 9.631, 535
4, 9.657, 510
5, 9.682, 535
4, 9.708, 510
5, 9.732, 536
4, 9.758, 510
5, 9.784, 536
4, 9.809, 510
5, 9.835, 535
4, 9.859, 510
5, 9.885, 535
4, 9.911, 510
5, 9.936, 535
4, 9.961, 510
5, 9.986, 536
4, 10.012, 509
5, 10.038, 535
4, 10.062, 509
5, 10.088, 536
4, 10.113, 509
5, 10.139, 535
4, 10.164, 508
5, 10.189, 536
4, 10.215, 507
5, 10.240, 536
4, 10.265, 505
5, 10.291, 536
4, 10.316, 505
5, 10.342, 535
4, 10.366, 504
5, 10.392, 535
4, 10.418, 504
5, 10.443, 536
4, 10.468, 504
5, 10.493, 535
4, 10.519, 503
5, 10.545, 536
4, 10.569, 503
5, 10.595, 535
4, 10.620, 502
5, 10.646, 535
4, 10.670, 500
5, 10.696, 535
4, 10.722, 497
5, 10.747, 535
4, 10.772, 493
5, 10.797, 535
4, 10.823, 490
5, 10.849, 535
4, 10.873, 486
5, 10.899, 535
4, 10.924, 484
5, 10.950, 535
4, 10.975, 483
5, 11.000, 534
4, 11.026, 482
5, 11.051, 535
4, 11.076, 479
5, 11.102, 534
4, 11.127, 476
5, 11.153, 535
4, 11.177, 473
5, 11.203, 534
4, 11.229, 470
5, 11.254, 534
4, 11.279, 468
5, 11.304, 534
4, 11.330, 466
5, 11.356, 534
4, 11.380, 466
5, 11.406, 534
4, 11.431, 466
5, 11.457, 533
4, 11.481, 466
5, 11.507, 534
4, 11.533, 466
5, 11.558, 533
4, 11.583, 467
5, 11.608, 534
4, 11.634, 467
5, 11.660, 533
4, 11.684, 468
5, 11.710, 533
4, 11.735, 470
5, 11.761, 533
4, 11.786, 469
5, 11.811, 534
4, 11.837, 469
5, 11.862, 533
4, 11.887, 470
5, 11.913, 533
4, 11.938, 470
5, 11.964, 534
4, 11.988, 469
5, 12.014, 534
4, 12.040, 469
5, 12.065, 534
4, 12.090, 469
5, 12.115, 534
4, 12.141, 468
5, 12.167, 534
4, 12.191, 468
5, 12.217, 535
4, 12.242, 468
5, 12.268, 535
4, 12.292, 469
5, 12.318, 535
4, 12.344, 469
5, 12.369, 535
4, 12.394, 469
5, 12.419, 535
4, 12.445, 469
5, 12.471, 535
4, 12.495, 468
5, 12.521, 534
4, 12.546, 468
5, 12.572, 534
4, 12.597, 468
5, 12.622, 534
4, 12.648, 468
5, 12.673, 534
4, 12.698, 469
5, 12.724, 533
4, 12.749, 468
5, 12.775, 533
4, 12.799, 469
5, 12.825, 533
4, 12.851, 469
5, 12.876, 534
4, 12.901, 468
5, 12.926, 534
4, 12.952, 468
5, 12.978, 534
4, 13.002, 469
5, 13.028, 534
4, 13.053, 469
5, 13.079, 533
4, 13.104, 468
5, 13.129, 534
4, 13.155, 467
5, 13.180, 533
4, 13.205, 466
5, 13.230, 534
4, 13.256, 464
5, 13.282, 534
4, 13.306, 464
5, 13.332, 534
4, 13.357, 464
5, 13.383, 534
4, 13.408, 464
5, 13.433, 534
4, 13.459, 464
5, 13.484, 535
4, 13.509, 464
5, 13.535, 534
4, 13.560, 465
5, 13.586, 534
4, 13.610, 465
5, 13.636, 534
4, 13.662, 465
5, 13.687, 534
4, 13.712, 465
5, 13.737, 533
4, 13.763, 465
5, 13.789, 533
4, 13.813, 464
5, 13.839, 534
4, 13.864, 465
5, 13.890, 533
4, 13.915, 465
5, 13.940, 533
4, 13.966, 464
5, 13.991, 534
4, 14.016, 464
5, 14.041, 534
4, 14.067, 465
5, 14.093, 534
4, 14.117, 465
5, 14.143, 534
4, 14.168, 465
5, 14.194, 534
4, 14.219, 465
5, 14.244, 534
4, 14.270, 466
5, 14.295, 534
4, 14.321, 467
5, 14.346, 534
4, 14.371, 467
5, 14.397, 534
4, 14.422, 466
5, 14.447, 534
4, 14.473, 466
5, 14.498, 535
4, 14.524, 466
5, 14.548, 534
4, 14.574, 467
5, 14.600, 534
4, 14.625, 466
5, 14.650, 535
4, 14.675, 466
5, 14.701, 535
4, 14.727, 466
5, 14.751, 535
4, 14.777, 466
5, 14.802, 535
4, 14.828, 467
5, 14.852, 535
4, 14.878, 467
5, 14.904, 535
4, 14.929, 466
5, 14.954, 535
4, 14.979, 467
5, 15.005, 534
4, 15.031, 467
5, 15.055, 534
4, 15.081, 467
5, 15.106, 534
4, 15.132, 467
5, 15.157, 534
4, 15.182, 467
5, 15.208, 534
4, 15.233, 467
5, 15.258, 534
4, 15.284, 467
5, 15.309, 533
4, 15.335, 467
5, 15.359, 533
4, 15.385, 467
5, 15.411, 533
4, 15.436, 467
5, 15.461, 534
4, 15.486, 466
5, 15.512, 533
4, 15.538, 467
5, 15.562, 533
4, 15.588, 467
5, 15.613, 534
4, 15.639, 467
5, 15.664, 534
4, 15.689, 467
5, 15.715, 534
4, 15.740, 466
5, 15.765, 534
4, 15.790, 467
5, 15.816, 534
4, 15.842, 467
5, 15.866, 535
4, 15.892, 466
5, 15.917, 535
4, 15.943, 467
5, 15.968, 534
4, 15.993, 466
5, 16.019, 534
4, 16.044, 467
5, 16.069, 535
4, 16.095, 466
5, 16.120, 535
4, 16.146, 466
5, 16.170, 535
4, 16.196, 466
5, 16.222, 535
4, 16.247, 467
5, 16.272, 535
4, 16.297, 466
5, 16.323, 535
4, 16.349, 466
5, 16.373, 535
4, 16.399, 466
5, 16.424, 534
4, 16.450, 466
5, 16.475, 534
4, 16.500, 466
5, 16.526, 534
4, 16.551, 467
5, 16.576, 534
4, 16.601, 467
5, 16.627, 534
4, 16.653, 466
5, 16.677, 534
4, 16.703, 467
5, 16.728, 534
4, 16.754, 466
5, 16.779, 534
4, 16.804, 466
5, 16.830, 534
4, 16.855, 467
5, 16.880, 534
4, 16.906, 467
5, 16.931, 534
4, 16.957, 467
5, 16.981, 535
4, 17.007, 466
5, 17.033, 535
4, 17.058, 467
5, 17.083, 535
4, 17.108, 466
5, 17.134, 534
4, 17.160, 466
5, 17.184, 534
4, 17.210, 467
5, 17.235, 534
4, 17.261, 467
5, 17.286, 534
4, 17.311, 467
5, 17.337, 534
4, 17.362, 467
5, 17.388, 534
4, 17.412, 466
5, 17.438, 534
4, 17.464, 466
5, 17.489, 533
4, 17.514, 467
5, 17.539, 535
4, 17.565, 467
5, 17.591, 534
4, 17.615, 467
5, 17.641, 535
4, 17.666, 467
5, 17.692, 534
4, 17.717, 467
5, 17.742, 534
4, 17.768, 466
5, 17.793, 534
4, 17.818, 467
5, 17.844, 534
4, 17.869, 466
5, 17.895, 534
4, 17.919, 466
5, 17.945, 534
4, 17.971, 466
5, 17.996, 534
4, 18.021, 467
5, 18.046, 534
4, 18.072, 466
5, 18.098, 534
4, 18.122, 466
5, 18.148, 534
4, 18.173, 466
5, 18.199, 535
4, 18.224, 466
5, 18.249, 534
4, 18.275, 466
5, 18.300, 534
4, 18.325, 466
5, 18.350, 535
4, 18.376, 466
5, 18.402, 535
4, 18.426, 466
5, 18.452, 534
4, 18.477, 467
5, 18.503, 535
4, 18.528, 466
5, 18.553, 535
4, 18.579, 467
5, 18.604, 534
4, 18.629, 467
5, 18.655, 535
4, 18.680, 467
5, 18.706, 534
4, 18.730, 467
5, 18.756, 534
4, 18.782, 467
5, 18.807, 535
4, 18.832, 467
5, 18.857, 535
4, 18.883, 467
5, 18.909, 535
4, 18.933, 466
5, 18.959, 534
4, 18.984, 467
5, 19.010, 534
4, 19.035, 467
5, 19.060, 534
4, 19.086, 466
5, 19.111, 534
4, 19.136, 466
5, 19.161, 534
4, 19.187, 466
5, 19.213, 534
4, 19.237, 466
5, 19.263, 535
4, 19.288, 466
5, 19.314, 534
4, 19.339, 466
5, 19.364, 535
4, 19.390, 466
5, 19.415, 534
4, 19.440, 467
5, 19.466, 534
4, 19.491, 466
5, 19.517, 534
4, 19.541, 466
5, 19.567, 534
4, 19.593, 466
5, 19.618, 534
4, 19.643, 466
5, 19.668, 535
4, 19.694, 466
5, 19.720, 535
4, 19.744, 466
5, 19.770, 535
4, 19.795, 467
5, 19.821, 535
4, 19.846, 467
5, 19.871, 534
4, 19.897, 467
5, 19.922, 535
4, 19.947, 466
5, 19.972, 535
4, 19.998, 466
5, 20.024, 535
4, 20.048, 466
5, 20.074, 534
4, 20.099, 467
5, 20.125, 535
4, 20.150, 467
5, 20.175, 534
4, 20.201, 467
5, 20.226, 534
4, 20.251, 467
5, 20.277, 534
4, 20.302, 467
5, 20.328, 534
4, 20.352, 466
5, 20.378, 534
4, 20.404, 467
5, 20.429, 534
4, 20.454, 467
5, 20.479, 534
4, 20.505, 466
5, 20.531, 534
4, 20.555, 466
5, 20.581, 534
4, 20.606, 467
5, 20.632, 534
4, 20.657, 467
5, 20.682, 534
4, 20.708, 467
5, 20.733, 534
4, 20.758, 466
5, 20.784, 534
4, 20.809, 467
5, 20.835, 535
4, 20.859, 466
5, 20.885, 535
4, 20.910, 466
5, 20.936, 535
4, 20.961, 467
5, 20.986, 534
4, 21.012, 466
5, 21.037, 534
4, 21.063, 467
5, 21.088, 534
4, 21.113, 466
5, 21.139, 535
4, 21.164, 466
5, 21.189, 535
