227 539.50
228 539.25
232 547.00
233 529.50
237 547.00
238 523.50
239 528.00
240 537.50
241 524.00
242 533.67
243 539.75
245 498.67
246 503.25
247 533.33
248 520.50
249 523.50
250 525.50
251 560.50
252 548.33
253 528.00
254 555.50
255 525.50
256 519.50
258 517.33
259 531.50
260 550.00
261 515.00
263 512.50
264 510.00
265 506.50
266 502.50
267 521.00
268 518.00
269 538.50
270 490.50
271 520.00
272 489.00
273 507.67
274 506.00
275 515.33
276 504.50
277 499.80
278 512.20
279 516.50
280 518.50
281 521.00
283 517.50
284 507.50
287 512.50
288 502.50
290 504.00
291 503.67
292 498.00
293 495.50
294 493.00
295 498.67
296 499.50
297 490.50
298 488.50
299 495.50
301 492.50
302 483.50
304 488.50
306 479.00
307 477.50
308 482.50
309 481.00
310 480.00
311 480.00
312 470.50
313 477.00
314 474.50
315 473.00
316 468.00
318 470.50
319 468.50
320 468.00
321 460.00
322 460.00
323 460.75
324 461.00
325 461.00
326 453.00
328 457.50
329 455.50
331 455.00
333 448.50
334 450.50
335 442.00
336 441.50
337 439.50
339 444.50
340 443.00
341 443.00
343 440.50
344 435.00
345 434.00
346 432.50
347 429.00
348 434.50
349 429.33
350 423.00
351 430.00
352 425.50
353 421.00
356 417.50
357 425.00
358 418.00
359 423.50
360 417.50
361 418.33
362 410.00
363 408.00
364 414.00
365 422.00
366 409.33
367 417.00
368 420.00
369 410.00
370 411.50
371 401.00
372 401.00
373 408.00
374 408.00
382 396.67
383 394.50
384 398.00
385 388.50
386 396.00
387 396.00
392 381.00
393 381.00
398 385.00
399 385.00
401 373.00
402 373.00
405 370.00
406 367.00
407 371.00
408 370.00
410 369.00
411 362.00
412 375.00
413 374.00
414 362.00
415 374.00
416 364.00
417 373.50
418 375.00
419 369.00
420 356.00
422 366.50
423 372.80
424 366.50
425 367.40
426 363.25
427 360.00
428 353.00
429 347.25
430 351.67
431 360.00
432 360.00
433 351.50
434 359.00
435 346.00
436 356.00
438 349.50
439 353.00
440 352.00
441 352.00
442 347.67
443 346.00
444 345.00
445 343.33
446 348.00
447 343.00
449 338.00
450 341.00
451 345.00
452 339.00
454 344.00
455 339.33
456 337.00
457 332.00
458 334.67
460 334.00
461 339.00
463 337.00
464 333.00
466 335.00
467 335.00
468 325.00
469 333.00
471 333.00
472 324.00
473 331.00
474 320.50
475 321.50
476 324.00
477 322.67
478 316.67
479 324.50
480 318.00
482 317.50
484 317.50
485 325.00
486 318.00
488 323.00
489 323.00
490 316.50
491 310.00
492 311.00
493 322.00
494 321.00
495 307.50
496 306.00
497 314.00
498 313.50
499 314.50
500 308.00
501 321.50
502 318.00
503 326.00
504 313.33
505 312.67
506 312.00
507 312.67
508 316.67
509 325.00
510 312.00
511 325.00
512 313.00
513 306.00
514 310.00
515 314.25
516 312.50
517 309.33
518 315.33
519 313.00
520 303.00
521 312.50
522 319.33
523 309.00
524 294.00
525 314.67
526 327.00
527 324.00
528 320.67
529 313.50
530 308.33
531 309.33
532 305.00
533 297.50
534 308.67
535 316.00
536 315.50
537 318.00
538 334.00
539 303.00
540 318.00
541 303.00
543 327.00
544 311.50
545 315.00
546 325.00
547 316.83
548 313.71
549 304.33
550 306.00
551 302.00
552 304.33
553 319.50
554 311.50
557 293.50
558 297.00
559 292.00
560 296.00
562 287.00
563 286.00
564 286.00
565 285.00
566 296.00
567 295.00
568 295.00
569 290.50
570 290.00
571 295.00
572 296.00
574 294.00
578 284.00
579 288.50
580 283.00
581 292.00
584 285.50
585 293.00
586 286.00
587 288.00
588 287.00
589 289.00
590 288.50
591 289.00
592 288.50
593 284.00
594 292.00
595 291.00
600 284.00
601 283.00
603 291.00
604 290.00
605 290.00
606 291.00
607 283.00
608 282.00
610 282.00
611 281.00
612 286.00
613 285.00
616 285.00
617 286.00
618 281.00
619 282.00
621 291.00
622 282.00
623 289.00
624 280.00
625 279.00
626 277.00
627 280.50
628 284.33
630 282.00
634 282.00
635 283.00
637 286.00
638 286.00
640 282.00
641 283.00
642 283.00
643 284.33
645 282.00
648 282.00
649 283.00
651 290.00
652 291.00
655 283.00
657 287.33
658 287.67
660 287.50
661 291.00
663 283.00
664 287.50
665 292.00
666 292.00
667 293.00
668 284.00
669 285.00
670 285.00
673 288.00
674 288.00
675 286.00
676 284.00
679 288.50
680 289.50
681 294.50
683 291.00
684 284.00
686 297.00
687 296.00
688 290.50
689 286.00
690 297.00
691 296.00
693 296.00
694 287.00
695 288.00
696 299.00
700 299.00
701 288.00
702 301.00
703 290.00
704 295.50
705 295.50
706 301.00
708 295.00
709 290.00
710 296.50
711 291.00
714 297.00
715 292.00
716 292.00
717 297.67
718 295.00
720 293.00
722 299.50
723 300.50
724 300.50
725 301.50
728 308.00
729 309.00
730 302.00
731 302.00
732 295.00
733 295.00
734 310.00
735 311.00
736 298.50
737 311.00
738 301.00
739 313.00
741 313.00
742 314.00
743 314.00
744 308.00
745 307.50
746 308.50
748 301.00
750 309.50
751 303.00
753 319.00
754 312.50
755 320.00
756 313.00
757 314.00
758 321.00
759 322.00
761 314.50
762 315.50
763 308.00
764 323.00
765 324.50
766 326.00
768 313.00
769 326.00
771 318.50
772 320.00
773 317.00
774 319.75
775 323.00
776 330.00
779 333.00
780 327.00
781 327.50
782 328.00
783 335.00
784 328.50
785 329.50
786 329.50
787 329.50
788 337.00
790 322.00
791 325.50
792 327.50
793 342.00
794 330.00
795 335.50
796 336.00
797 335.50
798 328.00
799 337.00
800 345.00
801 346.00
802 333.67
803 325.00
804 325.00
805 324.00
806 350.00
807 337.00
808 323.00
809 352.00
810 352.00
811 353.00
812 338.00
814 325.50
815 326.00
816 333.00
817 339.57
818 343.00
819 347.00
820 346.00
821 342.50
822 348.33
823 352.00
824 352.00
825 349.33
826 343.00
827 347.50
828 350.50
829 353.00
830 355.50
831 362.00
834 364.75
835 363.00
837 361.00
838 361.00
839 362.00
840 362.00
841 367.67
842 370.00
843 371.00
844 377.50
845 365.00
846 371.50
847 377.00
848 373.67
851 372.00
853 380.50
854 376.00
856 376.00
857 383.00
858 383.00
861 378.50
862 380.50
864 397.00
865 397.00
866 391.50
867 398.00
868 388.00
869 391.00
870 387.00
873 395.00
874 396.00
875 395.25
876 394.00
877 401.50
878 404.33
879 398.00
880 401.00
881 413.00
883 413.00
884 410.00
888 419.00
889 419.50
890 415.25
891 423.00
892 417.00
893 419.33
894 415.50
895 416.75
896 417.00
897 413.33
898 418.00
899 414.00
900 416.00
902 416.00
939 478.50
940 476.00
942 476.00
943 484.50
944 478.50
945 480.50
947 489.50
948 488.40
949 489.00
950 494.00
951 489.00
952 494.00
953 494.50
954 493.00
957 504.00
958 498.50
959 507.00
960 508.00
961 509.67
962 506.25
963 508.50
964 513.00
965 513.00
966 511.00
