39 740.00
40 742.00
41 743.09
42 752.20
43 738.00
44 731.57
45 733.75
46 716.50
47 710.75
48 707.75
49 702.50
50 700.50
51 699.50
52 697.50
53 695.50
54 693.50
57 690.00
58 690.00
59 689.00
61 689.00
62 685.00
63 683.67
64 679.50
65 681.50
66 679.62
67 681.50
68 673.17
69 678.00
70 689.50
71 680.10
72 679.50
73 675.10
74 666.12
75 660.00
76 673.12
77 665.90
78 669.00
79 664.00
80 650.00
81 648.00
82 662.75
83 655.75
84 655.75
85 660.50
86 672.00
87 653.00
88 656.00
89 671.00
90 649.80
91 653.80
92 644.50
93 640.57
94 643.92
95 648.00
96 641.17
97 639.58
98 633.67
99 639.12
100 625.11
101 633.88
102 632.00
103 625.50
104 617.33
105 619.80
106 621.33
107 621.67
108 627.38
109 620.67
110 616.00
111 622.67
112 620.25
113 626.17
114 629.57
115 626.14
116 614.50
117 612.33
118 611.29
119 612.11
120 615.17
121 605.20
122 605.50
123 611.14
124 603.67
125 600.75
126 603.33
127 601.45
128 594.62
129 595.38
130 592.64
131 593.80
132 591.67
133 591.30
134 575.00
135 583.00
136 582.00
137 580.57
138 581.25
139 577.67
140 572.00
141 579.83
142 580.17
143 576.00
144 568.50
145 568.83
146 571.50
148 560.50
149 559.67
150 566.50
151 558.50
152 559.38
153 550.67
155 546.00
156 549.67
157 549.50
161 540.00
162 540.00
163 552.50
164 545.00
165 544.75
166 539.25
167 538.33
168 539.33
169 544.00
170 547.25
171 544.75
172 541.40
173 541.67
174 544.75
176 536.33
177 529.14
178 521.00
179 537.50
180 524.80
181 520.17
182 524.60
183 531.50
184 526.33
185 519.38
186 519.62
187 523.33
188 514.00
189 507.00
190 516.00
191 505.50
192 507.00
193 505.67
194 511.67
195 506.40
196 504.33
197 504.50
198 504.00
199 509.71
200 510.00
201 505.00
202 509.00
204 502.75
205 499.00
206 508.00
207 492.50
208 490.50
209 488.00
210 488.83
211 495.83
212 491.71
213 486.00
214 498.00
215 492.40
216 486.50
217 489.00
218 485.00
219 478.67
220 487.00
221 491.50
222 475.50
223 485.75
224 485.50
225 478.17
226 481.00
227 477.40
228 476.40
229 480.17
230 477.00
231 475.75
232 473.00
234 464.50
235 475.00
236 479.00
237 481.40
238 479.40
239 478.50
240 465.00
241 458.33
242 459.83
243 457.67
244 463.67
245 453.67
246 458.00
247 457.14
248 458.60
249 459.44
250 457.80
251 462.71
252 456.25
253 454.83
254 454.50
255 455.50
256 452.12
257 451.50
258 442.67
259 449.17
260 450.50
261 452.50
262 445.67
263 451.25
264 446.38
265 451.83
266 444.00
267 447.88
268 447.80
269 446.71
270 445.57
271 441.00
272 439.25
273 446.00
274 437.25
275 425.50
276 447.00
277 434.50
278 433.17
279 433.60
280 438.33
281 432.67
282 432.80
283 430.89
284 429.17
285 435.40
286 430.80
287 427.40
288 425.60
289 427.50
290 425.00
291 424.71
292 420.78
293 419.43
294 418.80
295 420.86
296 420.00
297 418.00
298 422.67
299 419.33
300 419.40
301 404.00
302 408.50
303 413.33
304 408.86
305 401.11
306 403.43
307 412.67
308 414.75
309 410.80
310 406.00
311 396.50
312 410.00
313 399.75
314 399.00
315 401.25
316 398.80
317 405.50
318 402.17
319 399.29
320 389.00
321 399.50
322 399.80
323 394.57
324 397.00
325 392.80
326 393.75
327 390.88
328 392.25
329 390.60
330 390.50
331 391.86
332 386.00
333 382.00
334 382.67
335 386.00
336 384.50
337 386.50
338 388.75
339 385.00
340 382.50
341 379.91
342 379.42
343 379.29
344 379.25
345 379.09
346 375.57
347 383.00
348 377.17
349 376.00
350 370.67
351 373.50
352 375.29
353 374.75
354 374.00
355 375.29
356 374.00
357 372.75
358 373.40
359 370.25
360 369.62
361 371.20
362 369.89
363 369.00
364 368.12
365 367.38
366 367.57
367 366.00
368 366.14
369 363.33
370 358.50
371 355.25
372 364.00
373 361.67
374 358.00
375 365.00
376 362.25
377 364.00
378 359.00
379 360.75
380 360.00
381 357.33
382 360.67
383 356.00
384 363.00
385 363.00
386 352.00
387 354.33
388 360.50
389 354.00
390 359.00
391 358.50
392 351.33
393 352.50
394 353.67
395 351.25
396 352.67
397 350.00
398 350.00
399 347.33
400 348.75
401 353.00
402 347.00
403 352.00
404 346.50
405 347.67
406 345.00
407 346.00
408 344.00
409 343.50
410 348.00
411 347.00
412 341.50
413 341.00
414 335.00
416 340.50
417 339.50
418 339.50
419 338.50
420 338.50
421 337.50
422 337.50
423 336.50
424 342.00
425 341.00
426 336.00
427 333.33
428 334.75
429 332.33
430 332.00
431 332.50
432 334.00
433 332.00
434 330.00
435 331.50
436 330.71
437 328.83
438 330.00
439 329.00
440 329.29
441 329.00
442 330.40
443 328.67
444 330.50
445 329.00
446 327.83
447 330.00
449 330.00
450 329.00
451 323.25
452 323.67
453 325.80
454 325.00
455 324.33
456 324.00
457 321.50
459 323.33
460 322.33
461 324.50
462 321.67
463 321.33
464 322.50
465 322.50
466 320.75
467 320.00
468 322.00
469 320.00
470 319.00
471 317.83
472 317.25
473 316.25
474 316.00
475 316.17
476 317.00
477 313.00
478 315.67
479 316.50
480 313.50
481 314.33
482 314.00
483 313.67
484 313.00
485 309.00
486 313.60
487 311.71
489 315.00
490 314.00
492 311.00
493 313.00
494 308.00
495 306.00
496 305.00
498 311.50
499 308.67
500 304.00
502 308.33
503 307.33
505 311.00
506 308.50
507 307.60
508 306.50
509 306.00
510 306.00
511 308.00
512 307.00
515 307.00
516 306.00
519 306.00
520 305.00
523 305.00
524 304.00
527 304.00
528 303.00
529 303.00
530 302.00
534 296.75
535 298.40
536 299.00
537 298.60
542 294.00
543 293.00
544 299.00
545 298.00
546 293.00
547 299.00
548 302.50
549 300.33
550 300.17
551 297.67
552 299.00
553 295.60
554 302.00
555 299.50
556 297.00
557 301.00
558 300.00
560 298.50
561 295.62
562 293.75
564 292.50
566 296.00
567 295.00
568 299.00
569 298.00
571 295.00
573 293.00
575 293.00
576 296.00
577 292.17
578 291.00
579 292.38
580 295.40
581 293.25
582 292.00
588 287.00
589 286.00
591 292.00
592 291.00
593 291.00
594 287.33
595 288.20
596 288.33
597 288.00
620 285.50
621 285.75
622 288.00
623 288.00
624 289.00
636 289.00
637 288.00
638 286.00
639 286.00
640 285.75
641 284.00
664 287.00
665 286.50
666 287.67
667 289.00
668 290.00
670 290.00
671 291.00
677 285.00
678 286.00
680 291.00
681 288.67
682 288.67
683 288.25
707 292.00
708 291.50
709 292.00
710 294.50
711 295.00
712 296.00
715 293.00
716 294.00
720 291.00
721 294.50
722 298.00
723 297.00
724 295.33
725 294.00
726 294.50
750 301.00
751 299.00
752 304.00
753 304.00
754 305.00
755 305.00
756 306.00
757 299.00
758 300.00
759 306.00
760 303.50
761 301.00
762 307.00
763 308.00
764 301.00
765 305.00
766 305.33
767 305.33
768 304.75
791 313.75
792 313.75
793 312.00
794 314.50
795 318.00
796 315.00
797 312.00
798 315.50
799 316.50
801 316.50
802 317.50
804 317.50
805 318.50
806 318.50
807 319.33
808 319.33
809 320.00
810 319.00
828 320.00
829 320.00
830 320.50
831 328.60
832 332.50
833 330.00
834 334.00
835 335.00
836 335.00
837 328.33
838 325.50
839 332.50
840 333.50
841 329.67
842 330.67
843 332.20
844 333.00
845 344.50
846 338.20
847 338.14
848 338.62
849 335.71
850 343.67
851 327.00
852 345.75
853 345.00
855 340.29
856 346.14
857 343.00
858 335.00
859 335.00
860 337.00
861 337.00
862 345.00
863 343.00
864 339.00
865 347.25
866 356.50
867 345.67
868 346.67
869 358.50
870 359.00
871 360.00
872 360.00
873 353.00
874 361.50
875 348.00
876 352.50
877 354.00
878 348.00
879 351.17
880 356.00
881 352.17
882 345.33
883 346.50
884 347.00
885 354.40
886 349.00
887 355.33
888 359.80
889 360.83
890 358.25
891 354.86
892 361.71
893 361.20
894 360.22
895 361.33
896 363.17
897 364.17
898 362.67
899 363.40
900 363.75
901 371.71
902 367.67
903 370.71
904 367.50
905 372.60
906 371.80
907 370.80
908 376.33
909 374.14
910 373.60
911 372.88
912 374.86
913 373.67
914 376.20
915 376.38
916 375.80
917 377.11
918 379.25
919 380.33
920 383.11
921 383.44
922 382.12
923 380.43
924 382.12
925 385.00
926 381.00
927 383.22
928 382.00
929 384.67
930 383.50
931 386.67
932 385.60
933 392.86
934 390.00
935 387.83
936 393.67
937 391.67
938 396.88
939 393.33
940 396.00
941 397.25
942 396.67
943 399.57
944 397.67
945 395.00
946 402.00
947 398.67
948 400.44
949 403.00
950 400.00
951 408.10
952 408.00
953 412.82
954 413.17
955 410.55
956 407.38
957 414.00
958 410.38
959 411.20
960 402.67
961 409.40
962 410.00
963 412.17
964 412.60
965 411.43
966 410.83
967 411.00
968 414.00
969 416.00
970 419.00
971 421.17
972 420.67
973 419.00
974 417.14
975 412.00
976 417.00
977 427.89
978 424.75
979 426.00
980 425.17
981 427.33
982 429.40
983 425.50
984 430.70
985 428.57
986 431.67
987 430.50
988 440.40
989 439.50
990 436.60
991 435.14
992 422.50
994 431.50
995 439.00
996 448.50
997 444.67
998 443.50
999 447.33
1000 449.20
1001 456.67
1002 463.00
1004 457.80
1005 462.00
1006 457.67
1007 457.50
1008 464.50
1010 448.00
1011 448.00
1012 449.00
1013 459.25
1014 450.00
1015 464.67
1016 472.00
1017 475.75
1018 473.50
1019 474.67
1020 474.50
1021 473.00
1022 479.83
1023 481.00
1024 480.67
1025 471.00
1026 471.71
1027 472.50
1028 477.50
1029 467.00
1030 478.00
1031 481.50
1032 480.83
1033 484.50
1034 481.50
1035 488.00
1036 489.50
1037 488.25
1038 484.00
1039 484.17
1040 492.33
1041 487.80
1042 490.25
1043 488.33
1044 488.33
1045 482.00
1046 495.67
1047 504.50
1048 501.00
1049 497.60
1050 494.80
1051 497.29
1052 501.88
1053 503.83
1054 502.67
1055 500.12
1056 504.40
1057 504.50
1058 502.50
1059 503.50
1060 502.50
1061 503.00
1062 500.00
1063 512.00
1064 510.00
1065 513.70
1066 515.00
1067 511.29
1068 517.50
1069 516.71
1070 520.17
1072 517.00
1073 521.33
1074 522.00
1075 520.50
1077 525.00
1078 527.60
1079 530.00
1080 527.50
1081 537.50
1082 534.17
1083 530.83
1084 527.50
1087 531.00
1088 539.00
1089 539.50
1090 532.00
1091 549.50
1092 534.50
1093 536.50
1094 537.50
1095 546.50
1096 555.50
1097 557.50
1098 557.75
1099 554.83
1100 555.75
1101 562.43
1102 575.33
1103 566.56
1104 567.75
1105 569.22
1106 571.88
1107 562.56
1108 568.00
1109 569.00
1110 572.00
1111 563.38
1112 567.29
1113 570.50
1114 573.67
1115 564.40
1116 566.33
1117 581.57
1118 577.43
1119 572.00
1120 579.33
1121 578.43
1122 583.00
1123 576.75
1124 584.62
1125 587.58
1126 589.50
1127 588.50
1128 586.30
1129 592.33
1130 598.50
1131 600.89
1132 598.58
1133 606.17
1134 611.80
1135 598.12
1136 603.00
1137 605.38
1138 608.00
1139 607.67
1140 612.33
1141 606.60
1142 599.71
1143 617.43
1144 617.20
1145 613.67
1146 617.80
1147 614.50
1148 618.87
1149 620.29
1150 627.00
1151 636.71
1152 632.00
1153 631.25
1154 631.00
1155 633.21
1156 632.58
1157 639.25
1158 641.43
1159 629.17
1160 640.86
1161 643.00
1162 639.56
1163 641.00
1164 643.00
1165 645.33
1166 644.25
1167 646.00
1168 650.62
1169 645.75
1170 652.50
1171 654.14
1172 659.83
1173 656.22
1174 672.80
1175 673.23
1176 667.86
1177 669.27
1178 673.00
1179 672.53
1180 672.83
1181 676.94
1182 676.82
1183 680.19
1184 685.75
1185 670.67
1186 676.17
1187 674.86
1188 675.25
1189 681.00
1190 676.89
1191 682.78
1192 678.00
1193 684.11
1194 690.83
1195 686.31
1196 686.00
1197 692.25
1198 697.50
1199 689.25
1200 700.50
1201 706.80
1202 705.86
1203 706.80
1204 714.22
1205 717.30
1206 713.56
1207 713.33
1208 714.00
1209 717.20
1210 709.00
1211 712.43
1212 711.40
1213 712.00
1214 715.60
1215 713.50
1216 719.00
1217 710.40
1218 712.82
1219 715.62
1220 713.00
