# Created on 2026-03-19 17:00:14.847233+01:00 (1773936014.847233 s)
# baldaquin version: 0.10.2
# Creator: Pendulum View
# Time4   ADC4   Time5   ADC5
0.024   417   0.050   439
0.076   417   0.101   439
0.126   416   0.151   440
0.177   416   0.203   444
0.227   415   0.253   453
0.278   415   0.304   468
0.328   415   0.354   488
0.380   416   0.405   511
0.430   417   0.455   536
0.481   418   0.507   562
0.531   420   0.557   587
0.582   422   0.608   610
0.633   425   0.658   630
0.684   428   0.709   644
0.734   432   0.760   654
0.785   436   0.811   658
0.835   440   0.861   656
0.887   445   0.912   648
0.937   448   0.962   636
0.988   451   1.014   618
1.038   454   1.064   596
1.089   455   1.115   573
1.139   454   1.165   547
1.191   453   1.216   522
1.241   449   1.266   500
1.292   445   1.318   479
1.342   439   1.368   464
1.393   432   1.419   453
1.444   424   1.469   447
1.495   416   1.520   447
1.545   408   1.571   453
1.596   401   1.622   464
1.646   395   1.672   479
1.698   389   1.723   499
1.748   386   1.773   521
1.799   385   1.825   544
1.849   386   1.875   568
1.900   390   1.926   590
1.951   397   1.976   610
2.002   404   2.027   627
2.052   414   2.077   639
2.103   425   2.129   645
2.153   436   2.179   647
2.204   447   2.230   643
2.255   459   2.280   634
2.306   469   2.331   622
2.357   476   2.382   605
2.407   482   2.433   585
2.458   484   2.483   563
2.509   484   2.534   542
2.560   481   2.584   521
2.610   474   2.636   501
2.661   465   2.686   486
2.711   453   2.737   474
2.763   440   2.787   466
2.813   425   2.838   462
2.864   410   2.888   464
2.914   396   2.940   470
2.965   383   2.990   481
3.015   372   3.041   495
3.067   364   3.091   512
3.117   359   3.142   530
3.168   358   3.193   550
3.218   360   3.244   569
3.269   367   3.294   587
3.320   377   3.345   602
3.371   390   3.395   614
3.421   406   3.447   623
3.472   423   3.497   627
3.522   441   3.548   627
3.574   458   3.598   623
3.624   475   3.649   615
3.675   489   3.699   603
3.725   500   3.751   589
3.776   507   3.801   574
3.826   510   3.852   557
3.878   508   3.902   540
3.928   502   3.953   525
3.979   491   4.004   511
4.029   477   4.055   499
4.080   460   4.105   491
4.131   440   4.156   486
4.182   420   4.206   485
4.232   400   4.258   487
4.283   381   4.308   492
4.333   364   4.359   502
4.385   351   4.409   512
4.435   342   4.460   525
4.486   338   4.511   538
4.536   338   4.562   552
4.587   343   4.612   565
4.637   353   4.663   577
4.689   367   4.713   587
4.739   385   4.764   594
4.790   406   4.815   599
4.840   427   4.866   602
4.891   450   4.916   601
4.942   471   4.967   598
4.993   490   5.017   592
5.043   506   5.069   584
5.094   518   5.119   575
5.144   525   5.170   565
5.196   526   5.220   555
5.246   523   5.271   545
5.297   513   5.322   536
5.347   499   5.373   528
5.398   480   5.424   521
5.448   459   5.474   516
5.500   436   5.525   514
5.550   412   5.575   513
5.601   389   5.627   514
5.651   369   5.677   518
5.702   350   5.728   522
5.753   337   5.778   527
5.804   328   5.829   534
5.854   325   5.880   541
5.905   327   5.931   547
5.955   335   5.981   554
6.007   348   6.032   560
6.057   365   6.082   565
6.108   386   6.134   568
6.158   410   6.184   571
6.209   435   6.235   572
6.259   459   6.285   572
6.311   482   6.336   571
6.361   502   6.386   570
6.412   518   6.438   567
6.462   528   6.488   565
6.513   533   6.539   562
6.564   533   6.589   558
6.615   526   6.640   555
6.665   515   6.691   552
6.716   498   6.742   549
6.766   477   6.792   547
6.818   454   6.843   545
6.868   429   6.893   543
6.919   404   6.945   542
6.969   380   6.995   541
7.020   360   7.046   541
7.071   343   7.096   540
7.122   331   7.147   540
7.172   324   7.197   539
7.223   323   7.249   539
7.273   328   7.299   539
7.324   337   7.350   538
7.375   352   7.400   539
7.426   372   7.451   539
7.476   394   7.502   540
7.527   418   7.553   541
7.577   444   7.603   543
7.629   466   7.654   545
7.679   488   7.704   548
7.730   507   7.756   551
7.780   520   7.806   555
7.831   529   7.857   559
7.882   531   7.907   563
7.933   529   7.958   566
7.983   520   8.008   570
8.034   507   8.060   572
8.084   489   8.110   573
8.135   468   8.161   574
8.186   445   8.211   574
8.237   421   8.262   572
8.288   397   8.313   569
8.338   376   8.364   564
8.389   358   8.414   559
8.440   343   8.465   552
8.491   334   8.515   545
8.541   330   8.567   538
8.592   331   8.617   532
8.642   338   8.668   525
8.694   348   8.718   519
8.744   364   8.769   515
8.795   383   8.819   513
8.845   404   8.871   513
8.896   426   8.921   514
8.946   448   8.972   517
8.998   470   9.022   523
9.048   488   9.073   530
9.099   502   9.124   539
9.149   513   9.175   549
9.200   519   9.225   559
9.251   520   9.276   570
9.302   516   9.326   579
9.352   506   9.378   588
9.403   493   9.428   594
9.453   476   9.479   598
9.505   457   9.529   600
9.555   437   9.580   599
9.606   416   9.631   596
9.656   396   9.682   590
9.707   378   9.732   581
9.757   364   9.783   570
9.809   353   9.833   558
9.859   347   9.884   545
9.910   345   9.935   532
9.960   347   9.986   520
10.011   354   10.036   509
10.062   365   10.087   500
10.113   379   10.137   493
10.163   395   10.189   489
10.214   414   10.239   489
10.264   432   10.290   492
10.316   450   10.340   499
10.366   466   10.391   507
10.417   480   10.442   519
10.467   491   10.493   533
10.518   498   10.543   548
10.568   501   10.594   564
10.620   500   10.644   579
10.670   495   10.695   593
10.721   486   10.746   604
10.771   475   10.797   613
10.822   461   10.847   619
10.873   446   10.898   621
10.924   430   10.948   619
10.974   415   11.000   613
11.025   401   11.050   604
11.075   389   11.101   591
11.127   378   11.151   576
11.177   371   11.202   559
11.228   368   11.253   541
11.278   368   11.304   524
11.329   370   11.355   507
11.379   376   11.405   492
11.431   384   11.456   481
11.481   395   11.506   474
11.532   407   11.558   471
11.582   419   11.608   471
11.633   432   11.659   476
11.684   445   11.709   486
11.735   455   11.760   499
11.785   464   11.811   515
11.836   471   11.862   533
11.886   475   11.912   553
11.938   476   11.963   572
11.988   475   12.013   591
12.039   471   12.065   607
12.089   465   12.115   620
12.140   458   12.166   629
12.191   448   12.216   635
12.242   439   12.267   636
12.292   429   12.317   631
12.343   420   12.369   622
12.393   412   12.419   610
12.444   404   12.470   593
12.495   399   12.520   575
12.546   396   12.571   554
12.596   394   12.622   533
12.647   394   12.673   514
12.697   396   12.723   495
12.749   399   12.774   481
12.799   404   12.824   469
12.850   409   12.876   462
12.900   416   12.926   460
12.951   422   12.977   463
13.002   428   13.027   471
13.053   434   13.078   483
13.103   438   13.128   498
13.154   442   13.180   517
13.204   445   13.230   538
13.255   447   13.281   559
13.306   448   13.331   581
13.357   447   13.382   600
13.407   446   13.433   617
13.458   444   13.484   629
13.508   442   13.534   638
13.560   439   13.585   642
13.610   436   13.635   640
13.661   434   13.687   635
13.711   431   13.737   623
13.762   429   13.788   608
13.813   427   13.838   590
13.864   425   13.889   569
13.914   424   13.939   548
13.965   423   13.991   527
14.015   422   14.041   506
14.066   421   14.092   488
14.117   420   14.142   474
14.168   420   14.193   464
14.218   420   14.244   458
14.269   419   14.295   458
14.319   418   14.345   462
14.371   418   14.396   473
14.421   418   14.446   487
14.472   417   14.498   504
14.522   417   14.548   523
14.573   418   14.599   545
14.624   419   14.649   567
14.675   420   14.700   587
14.725   422   14.751   605
14.776   425   14.802   621
14.826   427   14.852   631
14.877   431   14.903   638
14.928   435   14.953   640
14.979   439   15.004   636
15.030   442   15.055   629
15.080   446   15.106   616
15.131   449   15.156   601
15.182   451   15.207   582
15.233   452   15.257   562
15.283   451   15.309   541
15.334   450   15.359   521
15.384   447   15.410   503
15.436   443   15.460   487
15.486   437   15.511   475
15.537   431   15.562   467
15.587   424   15.613   464
15.638   417   15.663   466
15.688   410   15.714   472
15.740   404   15.764   482
15.790   398   15.815   496
15.841   394   15.866   513
15.891   392   15.917   532
15.942   392   15.967   551
15.993   393   16.018   570
16.044   397   16.068   589
16.094   402   16.120   604
16.145   409   16.170   617
16.195   417   16.221   625
16.247   427   16.271   629
16.297   436   16.322   629
16.348   446   16.373   625
16.398   456   16.424   616
16.449   464   16.474   605
16.499   471   16.525   590
16.551   475   16.575   573
16.601   476   16.626   555
16.652   476   16.677   537
16.702   472   16.728   520
16.753   466   16.778   505
16.804   458   16.829   493
16.855   447   16.879   484
16.905   435   16.931   479
16.956   423   16.981   477
17.006   410   17.032   480
17.058   398   17.082   486
17.108   387   17.133   496
17.159   379   17.184   509
17.209   372   17.235   523
17.260   370   17.285   539
17.311   369   17.336   555
17.362   372   17.386   571
17.412   378   17.437   585
17.463   388   17.488   596
17.513   400   17.539   605
17.564   413   17.589   611
17.615   428   17.640   613
17.666   443   17.690   612
17.716   458   17.742   607
17.767   471   17.792   600
17.817   482   17.843   589
17.869   490   17.893   578
17.919   496   17.944   564
17.970   497   17.995   551
18.020   494   18.046   537
18.071   488   18.097   524
18.122   478   18.147   514
18.173   466   18.198   506
18.223   451   18.248   500
18.274   434   18.300   497
18.324   418   18.350   497
18.375   401   18.401   500
18.426   385   18.451   505
18.477   371   18.502   513
18.527   361   18.553   522
18.578   355   18.604   533
18.628   352   18.654   544
18.680   353   18.705   555
18.730   359   18.755   565
18.781   368   18.807   574
18.831   381   18.857   582
18.882   397   18.908   587
18.933   414   18.958   591
18.984   433   19.009   592
19.034   451   19.059   590
19.085   469   19.111   587
19.135   485   19.161   581
19.186   497   19.212   574
19.237   505   19.262   567
19.288   510   19.313   558
19.338   510   19.364   550
19.389   505   19.415   542
19.439   496   19.465   535
19.491   483   19.516   529
19.541   467   19.566   524
19.592   448   19.618   522
19.642   429   19.668   521
19.693   409   19.719   520
19.744   390   19.769   522
19.795   374   19.820   525
19.845   360   19.871   529
19.896   350   19.922   534
19.946   344   19.972   539
19.997   343   20.023   545
20.048   346   20.073   550
20.099   353   20.124   555
20.149   366   20.175   559
20.200   381   20.226   562
20.250   400   20.276   565
20.302   420   20.327   566
20.352   440   20.377   567
20.403   460   20.429   566
20.453   479   20.479   566
20.504   494   20.530   564
20.555   506   20.580   562
20.606   513   20.631   560
20.656   516   20.682   557
20.707   514   20.733   555
20.757   507   20.783   553
20.808   496   20.834   551
20.859   481   20.884   549
20.910   463   20.935   548
20.960   443   20.986   547
21.011   422   21.037   546
21.061   402   21.087   545
21.113   383   21.138   544
21.163   367   21.188   543
21.214   354   21.240   543
21.264   345   21.290   542
21.315   341   21.341   542
21.366   341   21.391   541
21.417   347   21.442   540
21.467   357   21.493   540
21.518   371   21.544   540
21.568   387   21.594   540
21.619   406   21.645   541
21.670   427   21.695   541
21.721   447   21.746   542
21.771   466   21.797   545
21.822   483   21.848   547
21.872   497   21.898   550
21.924   507   21.949   554
21.974   513   21.999   557
22.025   514   22.051   561
22.075   510   22.101   564
22.126   501   22.152   567
22.177   489   22.202   569
22.228   473   22.253   571
22.278   455   22.304   571
22.329   435   22.355   571
22.379   416   22.405   568
22.431   397   22.456   566
22.481   380   22.506   562
22.532   365   22.557   557
22.582   355   22.608   551
22.633   348   22.659   545
22.683   347   22.709   539
22.735   350   22.760   533
22.785   356   22.810   528
22.836   366   22.862   523
22.886   381   22.912   520
22.937   397   22.963   518
22.988   415   23.013   518
23.039   433   23.064   520
23.089   452   23.115   523
23.140   468   23.166   528
23.190   482   23.216   535
23.242   493   23.267   542
23.292   500   23.317   551
23.343   504   23.368   560
23.393   503   23.419   568
23.444   497   23.470   576
23.494   488   23.520   583
23.546   476   23.571   589
23.596   462   23.621   591
23.647   446   23.673   592
23.697   429   23.723   591
23.748   412   23.774   587
23.799   397   23.824   582
23.850   383   23.875   574
23.900   372   23.926   565
23.951   364   23.977   554
24.001   360   24.027   543
24.053   360   24.078   532
24.103   364   24.128   522
24.154   370   24.179   513
24.204   381   24.230   506
24.255   392   24.281   500
24.305   407   24.331   498
24.357   422   24.382   499
24.407   437   24.432   502
24.458   451   24.484   508
24.508   464   24.534   517
24.559   474   24.585   527
24.610   481   24.635   539
24.661   486   24.686   552
24.711   488   24.737   566
24.762   485   24.788   578
24.812   481   24.838   590
24.864   473   24.889   598
24.914   462   24.939   605
24.965   451   24.991   609
25.015   438   25.041   609
25.066   425   25.092   607
25.116   413   25.142   601
25.168   402   25.193   592
25.218   392   25.243   580
25.269   385   25.295   567
25.319   380   25.345   553
25.370   378   25.396   538
25.421   379   25.446   523
25.472   383   25.497   510
25.522   388   25.548   499
25.573   396   25.599   490
25.623   405   25.649   485
25.675   415   25.700   483
25.725   426   25.750   485
25.776   436   25.802   491
25.826   445   25.852   500
25.877   453   25.903   512
25.927   460   25.953   526
25.979   464   26.004   541
26.029   466   26.054   557
26.080   467   26.106   573
26.130   465   26.156   588
26.181   461   26.207   601
26.232   456   26.257   611
26.283   449   26.308   618
26.333   441   26.359   621
26.384   433   26.410   620
26.434   426   26.460   615
26.486   418   26.511   607
26.536   413   26.561   595
26.587   407   26.613   581
26.637   403   26.663   565
26.688   402   26.714   547
26.738   401   26.764   530
26.790   402   26.815   515
26.840   403   26.865   500
26.891   407   26.917   489
26.941   411   26.967   480
26.992   415   27.018   476
27.044   420   27.068   475
27.094   425   27.119   479
27.145   430   27.170   487
27.195   434   27.221   498
27.246   438   27.271   512
27.297   440   27.322   528
27.348   442   27.372   546
27.398   443   27.424   564
27.449   443   27.474   581
27.499   443   27.525   597
27.551   441   27.575   609
27.601   439   27.626   619
27.652   438   27.676   624
27.702   436   27.728   626
27.753   434   27.778   623
27.803   431   27.829   617
27.855   429   27.879   606
27.905   428   27.930   593
27.956   427   27.981   577
28.006   426   28.032   559
28.057   425   28.082   541
28.108   424   28.133   524
28.159   424   28.183   508
28.209   423   28.235   494
28.260   423   28.285   484
28.310   423   28.336   477
28.362   422   28.386   474
28.412   422   28.437   476
28.463   421   28.487   481
28.513   420   28.539   490
28.564   419   28.589   502
28.614   419   28.640   518
28.666   419   28.690   535
28.716   419   28.741   552
28.767   420   28.792   570
28.817   421   28.843   586
28.868   423   28.893   600
28.919   425   28.944   612
28.970   428   28.994   620
29.020   431   29.046   624
29.071   434   29.096   624
29.121   438   29.147   619
29.173   441   29.197   611
29.223   444   29.248   600
29.274   446   29.298   586
29.324   447   29.350   570
29.375   449   29.400   553
29.425   448   29.451   536
29.477   446   29.501   520
29.527   443   29.552   505
29.578   439   29.603   494
29.628   434   29.654   485
29.679   429   29.704   480
29.730   423   29.755   479
29.781   417   29.805   482
29.831   411   29.857   488
29.882   407   29.907   498
29.932   402   29.958   510
29.984   400   30.008   526
30.034   397   30.059   542
30.085   398   30.109   557
30.135   399   30.161   573
30.186   402   30.212   587
30.236   408   30.262   599
30.288   414   30.313   608
30.338   422   30.363   613
30.389   429   30.415   615
30.439   438   30.465   614
30.490   446   30.516   609
30.541   454   30.566   601
30.592   460   30.617   590
30.642   465   30.668   577
30.693   468   30.719   563
30.743   468   30.769   548
30.795   467   30.820   534
30.845   463   30.870   521
30.896   458   30.922   509
30.946   450   30.972   500
30.997   441   31.023   494
31.047   431   31.073   491
31.099   420   31.124   491
31.149   410   31.174   495
31.200   400   31.226   501
31.250   391   31.276   510
31.301   385   31.327   521
31.352   380   31.377   534
31.403   379   31.428   547
31.453   379   31.479   560
31.504   383   31.530   572
31.554   390   31.580   583
31.606   398   31.631   591
31.656   408   31.681   598
31.707   420   31.733   601
31.757   432   31.783   602
31.808   445   31.834   599
31.858   456   31.884   595
31.910   467   31.935   587
31.960   476   31.985   578
32.011   482   32.037   568
32.061   485   32.087   557
32.112   485   32.138   546
32.163   482   32.188   536
32.214   475   32.239   526
32.264   466   32.290   518
32.315   455   32.341   512
32.365   442   32.391   508
32.417   428   32.442   507
32.467   414   32.492   508
32.518   400   32.544   511
32.568   388   32.594   517
32.619   378   32.645   524
32.669   370   32.695   532
32.721   366   32.746   540
32.771   365   32.796   549
32.822   367   32.848   558
32.872   373   32.898   566
32.923   382   32.949   573
32.974   394   32.999   578
33.025   408   33.050   582
33.075   423   33.101   583
33.126   438   33.152   583
33.176   453   33.202   581
33.228   467   33.253   578
33.278   479   33.303   573
33.329   488   33.355   568
33.379   494   33.405   561
33.430   496   33.456   554
33.480   495   33.506   548
33.532   490   33.557   542
33.582   481   33.607   536
33.633   469   33.659   532
33.683   455   33.709   529
33.734   439   33.760   527
33.785   423   33.810   527
33.836   406   33.861   527
33.887   391   33.912   529
33.937   378   33.963   532
33.988   368   34.013   535
34.039   360   34.064   540
34.090   357   34.114   544
34.140   358   34.166   548
34.191   362   34.216   552
34.241   370   34.267   556
34.293   382   34.317   559
34.343   395   34.368   561
34.394   411   34.418   562
34.444   428   34.470   563
34.495   445   34.520   563
34.545   461   34.571   563
34.597   475   34.621   562
34.647   486   34.672   560
34.698   495   34.723   559
34.748   500   34.774   557
34.799   501   34.824   555
34.850   497   34.875   554
34.901   490   34.925   552
34.951   479   34.977   551
35.002   466   35.027   549
35.052   450   35.078   549
35.104   433   35.128   548
35.154   416   35.179   547
35.205   400   35.229   547
35.255   385   35.281   546
35.306   373   35.331   546
35.356   364   35.382   546
35.408   358   35.432   544
35.458   356   35.483   544
35.509   358   35.534   543
35.559   364   35.585   543
35.610   374   35.635   542
35.661   386   35.686   542
35.712   402   35.736   541
35.762   417   35.788   542
35.813   434   35.838   543
35.863   450   35.889   544
35.915   465   35.939   546
35.965   478   35.990   548
36.016   489   36.040   551
36.066   495   36.092   553
36.117   498   36.142   556
36.167   497   36.193   560
36.219   492   36.243   562
36.269   484   36.294   565
36.320   472   36.345   566
36.370   459   36.396   568
36.421   444   36.446   568
36.472   427   36.497   567
36.523   411   36.547   566
36.573   396   36.599   563
36.624   383   36.649   559
36.674   373   36.700   555
36.726   366   36.750   550
36.776   362   36.801   544
36.827   362   36.851   539
36.877   365   36.903   534
36.928   373   36.954   530
36.978   382   37.004   527
37.030   395   37.055   524
37.080   409   37.105   523
37.131   424   37.157   524
37.181   438   37.207   526
37.232   453   37.258   529
37.283   466   37.308   534
37.334   477   37.359   539
37.384   484   37.410   546
37.435   490   37.461   553
37.485   490   37.511   561
37.537   488   37.562   568
37.587   482   37.612   574
37.638   474   37.664   579
37.688   463   37.714   583
37.739   450   37.765   586
37.789   436   37.815   586
37.841   423   37.866   584
37.891   409   37.916   580
37.942   397   37.968   575
37.992   387   38.018   567
38.043   379   38.069   559
38.094   374   38.119   551
38.145   372   38.170   541
38.195   374   38.221   532
38.246   378   38.272   524
38.296   384   38.322   517
38.348   394   38.373   512
38.398   404   38.423   508
38.449   416   38.475   507
38.499   429   38.525   509
38.550   440   38.576   512
38.600   452   38.626   518
38.652   461   38.677   526
38.702   469   38.727   535
38.753   474   38.779   546
38.803   476   38.829   556
38.854   476   38.880   567
38.905   473   38.930   577
38.956   468   38.981   586
39.006   461   39.032   593
39.057   452   39.083   598
39.107   442   39.133   600
39.159   432   39.184   599
39.209   421   39.234   596
39.260   412   39.286   590
39.310   403   39.336   581
39.361   396   39.387   571
39.411   391   39.437   560
39.463   388   39.488   548
39.513   388   39.538   536
39.564   389   39.590   524
39.614   393   39.640   514
39.665   399   39.691   505
39.716   405   39.741   499
39.767   413   39.792   496
39.817   422   39.843   496
39.868   430   39.894   499
39.918   438   39.944   504
39.970   445   39.995   513
40.020   451   40.045   523
40.071   456   40.097   535
40.121   458   40.147   549
40.172   459   40.198   561
40.223   458   40.248   574
40.274   456   40.299   587
40.324   452   40.349   596
40.375   447   40.401   603
40.425   442   40.451   608
40.476   435   40.502   609
40.527   430   40.552   607
40.578   423   40.603   601
40.628   418   40.654   594
40.679   414   40.705   583
40.729   410   40.755   570
40.781   408   40.806   557
40.831   407   40.856   543
40.882   407   40.908   529
40.932   408   40.958   516
40.983   410   41.009   505
41.034   413   41.059   497
41.085   416   41.110   492
41.135   420   41.160   489
41.186   424   41.212   490
41.236   428   41.262   495
41.287   432   41.313   502
41.338   434   41.363   513
41.389   437   41.414   525
41.440   438   41.465   538
41.490   439   41.516   554
41.541   439   41.566   568
41.592   440   41.617   581
41.643   438   41.667   593
41.693   437   41.719   603
41.744   436   41.769   609
41.794   435   41.820   612
41.846   433   41.870   612
41.896   431   41.921   609
41.947   430   41.971   602
41.997   429   42.023   592
42.048   428   42.073   580
42.098   428   42.124   566
42.150   427   42.174   552
42.200   426   42.225   537
42.251   426   42.276   523
42.301   426   42.327   511
42.352   426   42.377   501
42.403   425   42.428   493
42.454   424   42.478   489
42.504   424   42.530   488
42.555   423   42.580   490
42.605   422   42.631   497
42.657   421   42.681   506
42.707   421   42.732   517
42.758   420   42.783   530
42.808   420   42.834   544
42.859   420   42.884   559
42.909   421   42.935   572
42.961   422   42.985   585
43.011   423   43.036   596
43.062   426   43.087   604
43.112   428   43.138   609
43.163   431   43.188   611
43.214   434   43.239   609
43.265   437   43.289   604
43.315   440   43.341   596
43.366   442   43.391   586
43.416   444   43.442   574
43.468   445   43.492   560
43.518   445   43.543   547
43.569   444   43.594   533
43.619   443   43.645   521
43.670   440   43.695   510
43.720   437   43.746   501
43.772   432   43.796   496
43.822   428   43.847   493
43.873   423   43.898   493
43.923   417   43.949   497
43.974   412   43.999   504
44.025   409   44.050   512
44.076   405   44.100   524
44.126   403   44.152   536
44.177   402   44.202   549
44.227   403   44.253   562
44.279   405   44.303   575
44.329   408   44.354   585
44.380   413   44.405   594
44.430   419   44.456   600
44.481   425   44.507   603
44.531   432   44.557   603
44.583   439   44.608   601
44.633   446   44.658   596
44.684   451   44.710   588
44.734   457   44.760   578
44.785   460   44.811   567
44.836   462   44.861   556
44.887   461   44.912   543
44.937   459   44.963   532
44.988   456   45.014   522
45.038   450   45.064   514
45.090   444   45.115   507
45.140   435   45.165   503
45.191   427   45.217   502
45.241   418   45.267   504
45.292   410   45.318   507
45.343   402   45.368   514
45.394   395   45.419   523
45.444   391   45.469   532
45.495   388   45.521   542
45.545   387   45.571   553
45.596   389   45.622   563
45.647   393   45.672   572
45.698   399   45.723   580
45.748   407   45.774   586
45.799   416   45.825   590
45.849   426   45.875   592
45.901   436   45.926   591
45.951   446   45.976   588
46.002   456   46.028   584
46.052   463   46.078   577
46.103   470   46.129   569
46.154   473   46.179   561
46.205   475   46.230   552
46.255   474   46.280   543
46.306   470   46.332   535
46.356   464   46.382   528
46.407   456   46.433   522
46.458   446   46.483   518
46.509   435   46.534   516
46.559   423   46.585   516
46.610   412   46.636   518
46.660   401   46.686   522
46.712   392   46.737   526
46.762   384   46.787   532
46.813   379   46.839   539
46.863   376   46.889   546
46.914   377   46.940   553
46.965   380   46.990   559
47.016   386   47.041   566
47.066   395   47.091   571
47.117   405   47.143   574
47.167   417   47.193   576
47.218   429   47.244   576
47.269   442   47.294   576
47.320   454   47.345   574
47.370   465   47.396   571
47.421   473   47.447   566
47.471   480   47.497   561
47.523   483   47.548   556
47.573   483   47.598   551
47.624   481   47.650   546
47.674   475   47.700   541
47.725   467   47.751   538
47.776   457   47.801   535
47.827   444   47.852   533
47.877   431   47.903   532
47.928   418   47.954   532
47.978   405   48.004   533
48.029   393   48.055   535
48.080   384   48.105   538
48.131   376   48.156   541
48.182   372   48.207   544
48.232   370   48.258   547
48.283   373   48.308   550
48.334   377   48.359   553
48.385   385   48.409   556
48.435   395   48.461   557
48.486   407   48.511   559
48.536   420   48.562   560
48.588   434   48.612   560
48.638   448   48.663   559
48.689   460   48.714   559
48.739   471   48.765   558
48.790   479   48.815   557
48.840   485   48.866   556
48.892   487   48.916   555
48.942   486   48.967   554
48.993   482   49.018   553
49.043   475   49.069   551
49.094   465   49.119   551
49.145   453   49.170   550
49.196   440   49.220   549
49.246   426   49.272   549
49.297   413   49.322   549
49.347   400   49.373   548
49.399   389   49.423   548
49.449   380   49.474   547
49.500   373   49.525   546
49.550   370   49.576   546
49.601   370   49.626   545
49.651   373   49.677   544
49.703   380   49.727   544
49.753   389   49.778   543
49.804   400   49.829   542
49.854   413   49.880   543
49.905   426   49.930   543
49.956   439   49.981   544
50.007   452   50.031   545
50.057   464   50.083   547
50.108   473   50.133   549
50.158   480   50.184   551
50.210   484   50.234   554
50.260   485   50.285   557
50.311   482   50.336   559
50.361   477   50.387   561
50.412   469   50.437   563
50.463   459   50.488   565
50.514   447   50.538   565
50.564   434   50.589   564
50.615   421   50.640   564
50.665   409   50.691   562
50.716   397   50.741   560
50.767   388   50.792   557
50.818   380   50.842   553
50.868   376   50.894   548
50.919   375   50.944   544
50.969   376   50.995   540
51.021   380   51.045   536
51.071   387   51.096   533
51.122   396   51.147   530
51.172   407   51.198   529
51.223   418   51.249   528
51.274   431   51.299   528
51.325   442   51.350   531
51.375   454   51.400   534
51.426   463   51.452   538
51.476   471   51.502   544
51.527   476   51.553   550
51.578   478   51.603   556
51.629   478   51.654   562
51.679   474   51.705   567
51.730   468   51.756   573
51.780   461   51.806   576
51.832   451   51.857   578
51.882   441   51.907   579
51.933   430   51.959   579
51.983   419   52.009   577
52.034   408   52.060   573
52.085   399   52.110   568
52.136   392   52.161   562
52.186   387   52.211   555
52.237   384   52.263   547
52.287   383   52.313   540
52.338   386   52.364   533
52.389   390   52.414   526
52.440   397   52.465   521
52.490   405   52.516   517
52.541   414   52.567   515
52.591   423   52.617   516
52.643   434   52.668   517
52.693   443   52.718   521
52.744   451   52.770   527
52.794   458   52.820   534
52.845   463   52.871   542
52.896   466   52.921   551
52.947   467   52.972   559
52.997   465   53.023   568
53.048   462   53.074   576
53.098   458   53.124   582
53.149   451   53.175   587
53.200   443   53.225   590
53.251   435   53.276   590
53.301   427   53.327   589
53.352   419   53.378   585
53.402   412   53.428   579
53.454   406   53.479   572
53.504   401   53.529   563
53.555   398   53.581   554
53.605   397   53.631   543
53.656   397   53.682   534
53.707   399   53.732   525
53.758   403   53.783   517
53.808   408   53.834   511
53.859   413   53.885   507
53.909   420   53.935   506
53.960   426   53.986   507
54.011   433   54.036   510
54.062   439   54.087   516
54.112   444   54.138   524
54.163   448   54.189   533
54.213   451   54.239   543
54.265   452   54.290   554
54.315   453   54.340   565
54.366   451   54.392   575
54.416   449   54.442   584
54.467   446   54.493   591
54.518   442   54.543   596
54.569   436   54.594   598
54.619   432   54.645   597
54.670   427   54.696   594
54.720   423   54.746   589
54.771   418   54.797   581
54.822   416   54.847   572
54.873   413   54.898   561
54.923   412   54.949   550
54.974   411   55.000   539
55.024   412   55.050   528
55.076   414   55.101   518
55.126   415   55.151   511
55.177   418   55.203   505
55.227   421   55.253   502
55.278   424   55.304   501
55.329   427   55.354   503
55.380   429   55.405   508
55.430   432   55.456   515
55.481   433   55.507   525
55.531   436   55.557   535
55.583   436   55.608   547
55.633   437   55.658   559
55.684   437   55.709   570
55.734   436   55.760   580
55.785   436   55.811   589
55.835   435   55.861   595
55.887   434   55.912   600
55.937   432   55.962   601
55.988   431   56.014   600
56.038   431   56.064   595
56.089   430   56.115   588
56.140   428   56.165   579
56.191   429   56.216   569
56.241   428   56.267   558
56.292   428   56.318   546
56.342   428   56.368   534
56.394   428   56.419   524
56.444   428   56.469   514
56.495   427   56.520   508
56.545   426   56.571   503
56.596   426   56.622   501
56.646   425   56.672   501
56.698   424   56.723   505
56.748   423   56.773   511
56.799   422   56.825   519
56.849   421   56.875   529
56.900   421   56.926   540
56.951   421   56.976   551
57.002   421   57.027   563
57.052   422   57.078   573
57.103   423   57.129   583
57.153   425   57.179   590
57.205   427   57.230   596
57.255   429   57.280   598
57.306   431   57.331   598
57.356   434   57.382   595
57.407   437   57.433   591
57.457   439   57.483   584
57.509   441   57.534   575
57.559   442   57.584   564
57.610   443   57.636   553
57.660   443   57.686   542
57.711   442   57.737   532
57.762   440   57.787   522
57.813   437   57.838   515
57.863   434   57.889   509
57.914   430   57.940   505
57.964   426   57.990   505
58.016   422   58.041   506
58.066   418   58.091   510
58.117   414   58.143   517
58.167   411   58.193   525
58.218   409   58.244   534
58.268   407   58.294   544
58.320   407   58.345   555
58.370   408   58.395   565
58.421   410   58.447   574
58.471   414   58.497   581
58.522   418   58.548   587
58.573   422   58.598   591
58.624   428   58.649   593
58.674   434   58.700   592
58.725   440   58.751   588
58.775   445   58.801   583
58.827   449   58.852   576
58.877   453   58.902   568
58.928   455   58.954   559
58.978   456   59.004   549
59.029   455   59.055   541
59.079   452   59.105   531
59.131   449   59.156   524
59.181   443   59.206   519
59.232   438   59.258   515
59.282   431   59.308   513
59.333   424   59.359   513
59.384   417   59.409   516
59.435   410   59.460   519
59.485   405   59.511   525
59.536   399   59.562   532
59.586   397   59.612   540
59.638   395   59.663   548
59.688   396   59.713   556
59.739   398   59.765   564
59.789   402   59.815   571
59.840   408   59.866   576
59.890   414   59.916   580
59.942   422   59.967   583
59.992   430   60.017   583
60.043   438   60.069   581
60.093   446   60.119   578
60.144   453   60.170   574
60.195   459   60.220   568
60.246   463   60.271   562
60.296   466   60.322   555
60.347   465   60.373   548
60.397   464   60.423   541
60.449   460   60.474   535
60.499   454   60.524   529
60.550   447   60.576   526
60.600   438   60.626   524
60.651   429   60.677   524
60.701   420   60.727   524
60.753   411   60.778   527
60.804   403   60.828   530
60.854   396   60.880   534
60.905   391   60.930   539
60.955   388   60.981   545
61.007   387   61.031   550
61.057   388   61.082   556
61.108   392   61.133   560
61.158   398   61.184   565
61.209   406   61.234   568
61.260   415   61.285   569
61.311   424   61.335   571
