# Created on 2026-03-19 16:57:24.134870+01:00 (1773935844.13487 s)
# baldaquin version: 0.10.2
# Creator: Pendulum View
# Time4   ADC4   Time5   ADC5
0.026   542   0.050   430
0.076   541   0.101   430
0.127   540   0.152   429
0.177   538   0.203   428
0.228   540   0.253   428
0.279   541   0.304   428
0.330   543   0.354   428
0.380   544   0.406   428
0.431   542   0.456   429
0.481   538   0.507   433
0.533   527   0.557   445
0.583   511   0.608   462
0.634   488   0.658   485
0.684   461   0.710   512
0.735   433   0.761   542
0.785   404   0.811   571
0.837   376   0.862   599
0.887   351   0.912   624
0.938   331   0.964   645
0.988   316   1.014   659
1.039   309   1.065   667
1.090   308   1.115   667
1.141   315   1.166   661
1.191   328   1.217   648
1.242   347   1.268   629
1.292   371   1.318   605
1.344   399   1.369   578
1.394   428   1.419   549
1.445   457   1.471   521
1.495   485   1.521   494
1.546   509   1.572   471
1.596   527   1.622   453
1.648   540   1.673   442
1.698   545   1.723   436
1.749   543   1.775   437
1.799   533   1.825   446
1.850   517   1.876   460
1.901   496   1.926   480
1.952   470   1.977   504
2.002   441   2.028   530
2.053   411   2.079   559
2.103   382   2.129   586
2.155   356   2.180   611
2.205   334   2.230   632
2.256   318   2.282   648
2.306   308   2.332   657
2.357   306   2.383   661
2.407   310   2.433   657
2.459   321   2.484   647
2.509   338   2.534   631
2.560   361   2.586   610
2.610   388   2.636   586
2.661   418   2.687   559
2.712   447   2.737   532
2.763   476   2.788   506
2.813   501   2.839   483
2.864   522   2.890   464
2.914   537   2.940   451
2.966   545   2.991   444
3.016   547   3.041   443
3.067   541   3.093   448
3.117   527   3.143   460
3.168   507   3.194   478
3.218   482   3.244   499
3.270   454   3.295   524
3.320   424   3.345   550
3.371   394   3.397   576
3.421   366   3.447   600
3.472   341   3.498   622
3.523   322   3.548   639
3.574   309   3.599   649
3.624   304   3.650   654
3.675   304   3.701   653
3.725   313   3.751   645
3.777   328   3.802   631
3.827   349   3.852   613
3.878   375   3.904   590
3.928   403   3.954   565
3.979   434   4.005   539
4.030   464   4.055   514
4.081   492   4.106   492
4.131   516   4.156   473
4.182   534   4.208   458
4.232   545   4.258   450
4.283   549   4.309   448
4.334   546   4.359   452
4.385   535   4.410   461
4.435   518   4.461   477
4.486   495   4.512   497
4.536   468   4.562   520
4.588   438   4.613   544
4.638   408   4.663   570
4.689   378   4.715   594
4.739   352   4.765   615
4.790   330   4.816   632
4.841   315   4.866   643
4.892   305   4.917   649
4.942   303   4.967   650
4.993   308   5.019   643
5.043   320   5.069   631
5.094   338   5.120   614
5.145   362   5.170   593
5.196   389   5.221   569
5.247   420   5.272   544
5.297   450   5.323   519
5.348   478   5.373   496
5.399   504   5.424   477
5.450   525   5.474   462
5.500   540   5.526   453
5.551   546   5.576   450
5.601   547   5.627   453
5.653   540   5.677   461
5.703   526   5.728   476
5.754   506   5.778   495
5.804   481   5.830   517
5.855   452   5.880   541
5.905   422   5.931   566
5.957   393   5.981   590
6.007   365   6.032   611
6.058   342   6.083   629
6.108   323   6.134   641
6.159   311   6.184   648
6.210   306   6.235   649
6.261   307   6.285   643
6.311   315   6.337   632
6.362   330   6.387   616
6.412   351   6.438   595
6.464   377   6.488   572
6.514   405   6.539   548
6.565   434   6.590   523
6.615   463   6.641   500
6.666   490   6.691   480
6.716   513   6.742   464
6.768   530   6.792   455
6.818   541   6.843   450
6.869   545   6.894   451
6.919   541   6.945   460
6.970   531   6.995   473
7.021   514   7.046   490
7.072   492   7.096   512
7.122   465   7.148   537
7.173   437   7.198   562
7.223   408   7.249   586
7.275   380   7.299   608
7.325   355   7.350   627
7.376   334   7.401   641
7.426   319   7.452   648
7.477   311   7.502   651
7.527   309   7.553   646
7.579   315   7.603   637
7.629   326   7.654   621
7.680   344   7.705   601
7.730   367   7.756   578
7.781   393   7.806   553
7.832   421   7.857   528
7.883   450   7.907   504
7.933   476   7.959   483
7.984   501   8.009   466
8.034   519   8.060   454
8.086   532   8.110   449
8.136   538   8.161   448
8.187   539   8.212   455
8.237   531   8.263   467
8.288   517   8.314   484
8.338   498   8.364   506
8.390   474   8.415   530
8.440   448   8.465   556
8.491   420   8.517   580
8.541   393   8.567   604
8.592   368   8.618   624
8.643   346   8.668   640
8.694   330   8.719   650
8.744   319   8.770   653
8.795   316   8.821   651
8.845   318   8.871   642
8.897   327   8.922   628
8.947   341   8.972   609
8.998   361   9.024   586
9.048   385   9.074   561
9.099   411   9.125   535
9.150   438   9.175   510
9.201   465   9.226   488
9.251   488   9.276   469
9.302   508   9.328   455
9.352   522   9.378   447
9.403   531   9.429   445
9.454   533   9.479   450
9.505   528   9.530   460
9.555   518   9.581   476
9.606   501   9.632   496
9.656   479   9.682   520
9.708   455   9.733   546
9.758   429   9.783   572
9.809   403   9.835   597
9.859   378   9.885   619
9.910   356   9.936   637
9.961   339   9.986   649
10.012   328   10.037   655
10.062   322   10.087   655
10.113   322   10.139   648
10.163   329   10.189   636
10.214   341   10.240   618
10.265   359   10.290   597
10.316   381   10.341   572
10.366   405   10.392   545
10.417   431   10.443   520
10.467   456   10.493   496
10.519   479   10.544   475
10.569   498   10.594   458
10.620   515   10.646   448
10.670   524   10.696   443
10.721   527   10.747   445
10.772   525   10.797   453
10.823   516   10.848   467
10.873   501   10.898   486
10.924   482   10.950   509
10.974   459   11.000   534
11.025   434   11.051   560
11.076   410   11.101   587
11.127   386   11.152   610
11.177   364   11.203   630
11.228   346   11.254   645
11.278   334   11.304   654
11.330   327   11.355   657
11.380   326   11.405   653
11.431   331   11.457   644
11.481   343   11.507   628
11.532   358   11.558   608
11.583   378   11.608   584
11.634   401   11.659   558
11.684   426   11.710   532
11.735   450   11.761   506
11.785   473   11.811   484
11.836   493   11.862   465
11.887   509   11.912   452
11.938   519   11.963   445
11.989   523   12.014   443
12.039   522   12.065   448
12.090   515   12.115   460
12.141   501   12.166   476
12.192   484   12.216   497
12.242   462   12.268   522
12.293   439   12.318   548
12.343   414   12.369   574
12.395   391   12.419   599
12.445   369   12.470   621
12.496   351   12.521   638
12.546   338   12.572   650
12.597   330   12.622   655
12.647   328   12.673   655
12.699   332   12.723   648
12.749   342   12.774   636
12.800   356   12.825   618
12.850   376   12.876   596
12.901   398   12.926   571
12.952   421   12.977   545
13.003   446   13.027   519
13.053   469   13.079   495
13.104   490   13.129   475
13.154   505   13.180   459
13.206   517   13.230   449
13.256   523   13.281   445
13.307   522   13.332   447
13.357   515   13.383   455
13.408   503   13.433   469
13.458   486   13.484   488
13.510   466   13.534   510
13.560   442   13.585   535
13.611   418   13.636   561
13.661   394   13.687   586
13.712   372   13.737   609
13.763   353   13.788   628
13.814   340   13.838   642
13.864   331   13.890   650
13.915   328   13.940   653
13.965   331   13.991   649
14.017   339   14.041   640
14.067   353   14.092   625
14.118   371   14.143   605
14.168   393   14.194   582
14.219   417   14.244   557
14.270   442   14.295   532
14.321   465   14.345   508
14.371   486   14.396   487
14.422   504   14.447   469
14.472   516   14.498   457
14.523   523   14.548   451
14.574   525   14.599   450
14.625   519   14.649   455
14.675   508   14.701   466
14.726   491   14.751   482
14.776   471   14.802   502
14.828   448   14.852   525
14.878   423   14.903   549
14.929   399   14.954   574
14.979   376   15.005   597
15.030   356   15.056   617
15.081   341   15.106   633
15.132   330   15.157   643
15.182   325   15.207   648
15.233   327   15.259   647
15.283   334   15.309   640
15.334   347   15.360   628
15.385   365   15.410   611
15.436   386   15.461   590
15.486   410   15.512   567
15.537   435   15.563   542
15.587   460   15.613   519
15.639   482   15.664   497
15.689   501   15.714   480
15.740   516   15.766   466
15.790   525   15.816   457
15.841   527   15.867   454
15.892   524   15.917   457
15.943   514   15.968   465
15.993   499   16.018   479
16.044   480   16.070   496
16.094   457   16.120   518
16.145   431   16.171   540
16.196   406   16.221   564
16.247   382   16.272   587
16.297   360   16.323   607
16.348   342   16.374   623
16.398   331   16.424   635
16.450   323   16.475   641
16.500   323   16.525   643
16.551   329   16.577   638
16.601   340   16.627   628
16.652   356   16.678   613
16.703   377   16.728   595
16.754   401   16.779   573
16.804   426   16.830   550
16.855   451   16.881   528
16.905   475   16.931   507
16.956   496   16.982   488
17.007   513   17.032   474
17.058   524   17.083   464
17.108   529   17.134   460
17.159   528   17.185   461
17.209   521   17.235   467
17.261   507   17.286   479
17.311   489   17.336   494
17.362   467   17.388   514
17.412   442   17.438   535
17.463   416   17.489   558
17.514   391   17.539   579
17.565   368   17.590   599
17.615   348   17.641   616
17.666   333   17.692   628
17.716   324   17.742   635
17.767   321   17.793   638
17.818   324   17.843   635
17.869   333   17.894   627
17.919   347   17.945   613
17.970   366   17.996   597
18.020   390   18.046   576
18.072   414   18.097   555
18.122   441   18.147   533
18.173   465   18.199   513
18.223   488   18.249   494
18.274   507   18.300   480
18.325   520   18.350   470
18.376   529   18.401   464
18.426   530   18.452   464
18.477   526   18.503   469
18.527   515   18.553   479
18.578   499   18.604   494
18.629   478   18.654   512
18.680   454   18.705   532
18.730   428   18.756   554
18.781   403   18.807   575
18.831   378   18.857   594
18.883   357   18.908   611
18.933   339   18.958   624
18.984   327   19.010   632
19.034   322   19.060   635
19.085   321   19.111   633
19.136   328   19.161   626
19.187   340   19.212   614
19.237   357   19.263   598
19.288   378   19.314   579
19.338   403   19.364   558
19.390   427   19.415   537
19.440   453   19.465   517
19.491   477   19.516   498
19.541   498   19.567   484
19.592   514   19.618   473
19.642   524   19.668   467
19.694   529   19.719   465
19.744   528   19.769   469
19.795   520   19.821   479
19.845   506   19.871   492
19.896   488   19.922   510
19.947   465   19.972   529
19.998   441   20.023   550
20.048   416   20.074   571
20.099   391   20.125   591
20.149   368   20.175   607
20.201   349   20.226   621
20.251   334   20.276   630
20.302   326   20.327   634
20.352   323   20.378   633
20.403   326   20.429   627
20.453   335   20.479   616
20.505   349   20.530   600
20.555   368   20.580   582
20.606   391   20.632   561
20.656   415   20.682   540
20.707   440   20.733   520
20.758   464   20.783   501
20.809   486   20.834   486
20.859   504   20.885   474
20.910   517   20.936   467
20.960   524   20.986   465
21.012   526   21.037   468
21.062   521   21.087   476
21.113   511   21.138   489
21.163   495   21.189   506
21.214   475   21.240   525
21.264   452   21.290   546
21.316   427   21.341   567
21.366   403   21.391   588
21.417   380   21.443   606
21.467   360   21.493   620
21.518   344   21.544   630
21.569   333   21.594   635
21.620   327   21.645   635
21.670   327   21.696   630
21.721   334   21.747   620
21.771   346   21.797   605
21.823   363   21.848   587
21.873   383   21.898   567
21.924   405   21.950   545
21.974   429   22.000   524
22.025   453   22.051   505
22.075   475   22.101   488
22.127   493   22.152   475
22.177   508   22.202   466
22.228   517   22.254   463
22.278   521   22.304   465
22.329   519   22.355   472
22.380   511   22.405   484
22.431   498   22.456   500
22.481   481   22.507   519
22.532   460   22.558   540
22.582   436   22.608   562
22.634   413   22.659   583
22.684   391   22.709   603
22.735   370   22.761   618
22.785   353   22.811   630
22.836   341   22.862   637
22.886   334   22.912   639
22.938   332   22.963   634
22.988   336   23.013   626
23.039   346   23.065   612
23.089   359   23.115   594
23.140   377   23.166   574
23.191   399   23.216   553
23.242   421   23.267   530
23.292   444   23.318   510
23.343   465   23.369   491
23.393   484   23.419   477
23.445   499   23.470   467
23.495   510   23.520   461
23.546   516   23.572   461
23.596   515   23.622   467
23.647   509   23.673   477
23.697   498   23.723   492
23.749   483   23.774   511
23.799   464   23.824   532
23.850   443   23.876   554
23.900   421   23.926   576
23.951   399   23.977   597
24.003   378   24.027   615
24.053   362   24.078   628
24.104   349   24.129   637
24.154   340   24.180   641
24.205   336   24.230   639
24.256   339   24.281   632
24.307   347   24.331   620
24.357   359   24.383   604
24.408   375   24.433   584
24.458   395   24.484   562
24.510   415   24.534   539
24.560   436   24.585   518
24.611   458   24.635   498
24.661   477   24.687   481
24.712   492   24.737   469
24.762   503   24.788   461
24.814   510   24.838   459
24.864   511   24.889   462
24.915   507   24.940   471
24.965   497   24.991   484
25.016   484   25.041   502
25.067   466   25.092   522
25.118   447   25.142   544
25.168   426   25.194   567
25.219   404   25.244   588
25.269   385   25.295   608
25.321   367   25.345   624
25.371   354   25.396   635
25.422   345   25.446   641
25.472   341   25.498   642
25.523   342   25.548   637
25.573   348   25.599   627
25.625   359   25.649   612
25.675   374   25.700   593
25.726   392   25.751   572
25.776   412   25.802   550
25.827   432   25.852   528
25.878   453   25.903   507
25.929   472   25.953   488
25.979   488   26.005   474
26.030   499   26.055   464
26.080   507   26.106   459
26.132   509   26.156   460
26.182   505   26.207   466
26.233   497   26.257   478
26.283   485   26.309   493
26.334   468   26.359   512
26.384   449   26.410   533
26.436   429   26.460   556
26.486   408   26.511   578
26.537   388   26.562   599
26.587   371   26.613   617
26.638   357   26.663   629
26.689   348   26.714   637
26.740   343   26.764   641
26.790   343   26.816   639
26.841   348   26.866   631
26.891   358   26.917   619
26.943   372   26.967   603
26.993   390   27.018   583
27.044   409   27.068   561
27.094   430   27.120   539
27.145   450   27.171   517
27.195   469   27.221   498
27.247   485   27.272   482
27.297   497   27.322   470
27.348   505   27.374   464
27.398   508   27.424   461
27.449   506   27.475   465
27.500   498   27.525   473
27.551   487   27.576   487
27.601   471   27.627   504
27.652   452   27.678   524
27.702   432   27.728   545
27.754   412   27.779   567
27.804   392   27.829   588
27.855   374   27.881   606
27.905   359   27.931   621
27.956   348   27.982   632
28.006   342   28.032   638
28.058   342   28.083   638
28.108   346   28.133   633
28.159   355   28.185   623
28.209   369   28.235   609
28.260   386   28.286   591
28.311   405   28.336   571
28.362   426   28.387   549
28.412   447   28.438   528
28.463   466   28.489   509
28.513   483   28.539   491
28.565   496   28.590   478
28.615   506   28.640   469
28.666   510   28.692   465
28.716   509   28.742   466
28.767   502   28.793   473
28.817   491   28.843   484
28.869   476   28.894   498
28.919   457   28.944   517
28.970   437   28.996   537
29.020   416   29.046   557
29.071   395   29.097   578
29.122   376   29.147   597
29.173   361   29.198   613
29.223   349   29.249   624
29.274   342   29.300   632
29.324   340   29.350   634
29.376   343   29.401   632
29.426   351   29.451   624
29.477   363   29.503   612
29.527   380   29.553   597
29.578   399   29.604   577
29.628   420   29.654   558
29.680   442   29.705   537
29.730   461   29.755   518
29.781   480   29.807   501
29.831   495   29.857   487
29.882   506   29.908   477
29.933   511   29.958   470
29.984   512   30.009   469
30.034   507   30.060   474
30.085   497   30.111   483
30.135   482   30.161   496
30.187   464   30.212   512
30.237   444   30.262   530
30.288   422   30.314   550
30.338   401   30.364   570
30.389   381   30.415   588
30.439   364   30.465   604
30.491   351   30.516   617
30.541   342   30.566   625
30.592   337   30.618   629
30.642   339   30.668   628
30.693   346   30.719   622
30.744   356   30.769   613
30.795   372   30.820   599
30.846   391   30.871   582
30.896   412   30.922   563
30.947   433   30.972   544
30.998   455   31.023   525
31.049   475   31.073   508
31.099   491   31.125   494
31.150   504   31.175   483
31.200   512   31.226   476
31.252   514   31.276   474
31.302   511   31.327   477
31.353   503   31.377   484
31.403   490   31.429   496
31.454   473   31.479   510
31.504   453   31.530   527
31.556   432   31.580   546
31.606   410   31.631   565
31.657   389   31.682   583
31.707   370   31.733   598
31.758   354   31.783   611
31.809   344   31.834   620
31.860   337   31.884   625
31.910   336   31.936   625
31.961   340   31.986   621
32.011   350   32.037   612
32.063   364   32.087   599
32.113   382   32.138   584
32.164   402   32.188   567
32.214   424   32.240   548
32.265   446   32.290   530
32.315   466   32.341   513
32.367   484   32.391   499
32.417   499   32.442   487
32.468   509   32.493   480
32.518   514   32.544   478
32.569   514   32.594   479
32.620   508   32.645   485
32.671   497   32.695   495
32.721   482   32.747   509
32.772   462   32.797   525
32.822   442   32.848   543
32.874   420   32.898   561
32.924   399   32.949   579
32.975   378   32.999   594
33.025   361   33.051   607
33.076   348   33.101   616
33.126   340   33.152   622
33.178   336   33.202   623
33.228   338   33.253   620
33.279   346   33.304   612
33.329   357   33.355   600
33.380   373   33.405   586
33.431   392   33.456   569
33.482   414   33.506   551
33.532   435   33.558   534
33.583   456   33.608   516
33.633   476   33.659   501
33.685   492   33.709   490
33.735   504   33.760   483
33.786   511   33.810   479
33.836   513   33.862   480
33.887   511   33.913   485
33.937   502   33.963   494
33.989   489   34.014   508
34.039   472   34.064   523
34.090   452   34.116   540
34.140   431   34.166   559
34.191   409   34.217   576
34.242   388   34.267   592
34.293   371   34.318   605
34.343   356   34.369   615
34.394   345   34.420   622
34.444   339   34.470   623
34.496   339   34.521   620
34.546   343   34.571   613
34.597   353   34.623   602
34.647   367   34.673   588
34.698   384   34.724   572
34.748   404   34.774   554
34.800   425   34.825   536
34.850   446   34.875   519
34.901   466   34.927   504
34.951   482   34.977   492
35.002   497   35.028   483
35.053   506   35.078   478
35.104   511   35.129   479
35.154   510   35.180   484
35.205   504   35.231   493
35.255   492   35.281   505
35.307   478   35.332   520
35.357   460   35.382   537
35.408   441   35.434   555
35.458   419   35.484   573
35.509   399   35.535   590
35.559   380   35.585   604
35.611   364   35.636   615
35.661   352   35.686   622
35.712   345   35.738   625
35.762   342   35.788   622
35.813   344   35.839   616
35.864   351   35.889   606
35.915   363   35.940   592
35.965   378   35.991   576
36.016   396   36.042   558
36.066   416   36.092   540
36.118   436   36.143   522
36.168   456   36.193   506
36.219   474   36.245   493
36.269   488   36.295   483
36.320   499   36.346   478
36.370   505   36.396   477
36.422   506   36.447   480
36.472   503   36.497   488
36.523   494   36.549   500
36.573   482   36.599   515
36.624   465   36.650   532
36.675   447   36.700   550
36.726   427   36.751   568
36.776   408   36.802   587
36.827   389   36.853   601
36.877   373   36.903   614
36.929   360   36.954   622
36.979   351   37.004   626
37.030   347   37.056   626
37.080   347   37.106   621
37.131   352   37.157   611
37.182   362   37.207   598
37.233   375   37.258   582
37.283   392   37.308   564
37.334   410   37.360   545
37.384   429   37.410   527
37.435   448   37.461   510
37.486   465   37.511   495
37.537   480   37.562   484
37.587   491   37.613   477
37.638   499   37.664   475
37.688   502   37.714   476
37.740   500   37.765   483
37.790   493   37.815   493
37.841   482   37.867   508
37.891   468   37.917   525
37.942   451   37.968   543
37.993   433   38.018   563
38.044   414   38.069   581
38.094   396   38.119   597
38.145   380   38.171   611
38.195   367   38.221   621
38.246   357   38.272   627
38.297   352   38.322   628
38.348   351   38.373   625
38.399   355   38.424   617
38.449   363   38.475   606
38.500   375   38.525   590
38.551   389   38.576   573
38.602   407   38.626   553
38.652   425   38.678   535
38.703   442   38.728   516
38.753   459   38.779   500
38.805   474   38.829   487
38.855   486   38.880   478
38.906   494   38.930   474
38.956   498   38.982   473
39.007   497   39.032   479
39.057   491   39.083   488
39.109   482   39.133   500
39.159   469   39.184   516
39.210   453   39.235   535
39.260   436   39.286   554
39.311   418   39.336   573
39.362   400   39.387   591
39.413   385   39.437   606
39.463   371   39.489   618
39.514   362   39.539   625
39.564   356   39.590   629
39.616   354   39.640   628
39.666   357   39.691   622
39.717   364   39.742   611
39.767   375   39.793   598
39.818   388   39.843   581
39.868   404   39.894   563
39.920   421   39.944   544
39.970   439   39.995   525
40.021   456   40.046   508
40.071   471   40.097   493
40.122   483   40.147   482
40.173   491   40.198   476
40.224   495   40.248   474
40.274   495   40.300   476
40.325   490   40.350   483
40.375   482   40.401   494
40.427   470   40.451   509
40.477   455   40.502   526
40.528   438   40.553   544
40.578   421   40.604   563
40.629   403   40.654   582
40.679   388   40.705   598
40.731   374   40.755   612
40.781   364   40.806   621
40.832   357   40.857   627
40.882   355   40.908   628
40.933   357   40.958   625
40.984   363   41.009   616
41.035   373   41.059   604
41.085   387   41.111   590
41.136   403   41.161   572
41.186   419   41.212   553
41.238   437   41.262   534
41.288   454   41.313   517
41.339   469   41.364   501
41.389   481   41.415   489
41.440   490   41.466   480
41.490   495   41.516   476
41.542   495   41.567   477
41.592   491   41.617   481
41.643   483   41.669   490
41.693   472   41.719   502
41.744   457   41.770   518
41.795   441   41.820   536
41.846   423   41.871   554
41.896   406   41.922   572
41.947   390   41.973   590
41.997   376   42.023   604
42.049   364   42.074   615
42.099   357   42.124   622
42.150   355   42.176   625
42.200   356   42.226   624
42.251   361   42.277   618
42.302   370   42.327   608
42.353   384   42.378   595
42.403   399   42.428   579
42.454   416   42.480   561
42.504   433   42.530   543
42.555   451   42.581   526
42.606   466   42.631   510
42.657   479   42.682   497
42.707   490   42.733   486
42.758   496   42.784   481
42.808   497   42.834   479
42.860   494   42.885   481
42.910   487   42.935   488
42.961   476   42.987   499
43.011   461   43.037   513
43.062   445   43.088   529
43.113   428   43.138   547
43.164   409   43.189   564
43.214   393   43.239   581
43.265   377   43.291   596
43.315   366   43.341   608
43.366   357   43.392   617
43.417   353   43.442   621
43.468   353   43.493   621
43.518   357   43.544   617
43.569   366   43.595   609
43.619   378   43.645   598
43.671   394   43.696   584
43.721   411   43.746   567
43.772   429   43.798   551
43.822   447   43.848   533
43.873   464   43.899   518
43.924   478   43.949   504
43.975   489   44.000   493
44.025   497   44.050   486
44.076   499   44.102   483
44.126   497   44.152   484
44.177   491   44.203   489
44.228   481   44.253   498
44.279   468   44.304   510
44.329   451   44.355   525
44.380   434   44.406   541
44.430   415   44.456   558
44.482   398   44.507   574
44.532   382   44.557   588
44.583   368   44.609   601
44.633   358   44.659   610
44.684   352   44.710   616
44.735   351   44.760   617
44.786   353   44.811   615
44.836   361   44.862   609
44.887   372   44.913   598
44.937   387   44.963   586
44.988   404   45.014   571
45.039   422   45.064   555
45.090   440   45.115   539
45.141   458   45.166   524
45.191   473   45.217   510
45.242   486   45.267   499
45.293   495   45.318   492
45.344   500   45.368   487
45.394   501   45.420   487
45.445   496   45.470   492
45.495   488   45.521   499
45.547   475   45.571   510
45.597   459   45.622   523
45.648   442   45.673   538
45.698   423   45.724   554
45.749   405   45.774   570
45.799   388   45.825   584
45.851   373   45.875   596
45.901   360   45.926   606
45.952   353   45.977   612
46.002   350   46.028   614
46.053   351   46.078   612
46.104   356   46.129   607
46.155   366   46.179   598
46.205   379   46.231   587
46.256   396   46.281   573
46.306   414   46.332   558
46.358   432   46.382   542
46.408   450   46.433   528
46.459   467   46.484   514
46.509   482   46.535   503
46.560   492   46.585   495
46.610   499   46.636   490
46.662   501   46.686   490
46.712   499   46.737   492
46.763   492   46.788   500
46.813   481   46.839   510
46.864   467   46.889   522
46.915   450   46.940   536
46.966   432   46.990   552
47.016   414   47.042   567
47.067   396   47.092   581
47.117   379   47.143   593
47.169   366   47.193   603
47.219   357   47.244   609
47.270   351   47.295   612
47.320   350   47.346   611
47.371   353   47.396   606
47.422   361   47.447   598
47.473   373   47.497   587
47.523   387   47.548   574
47.574   405   47.599   559
47.624   423   47.650   544
47.675   442   47.700   530
47.726   459   47.751   516
47.777   474   47.801   505
47.827   487   47.853   497
47.878   496   47.903   492
47.928   500   47.954   491
47.980   499   48.004   493
48.030   495   48.055   499
48.081   485   48.106   509
48.131   474   48.157   521
48.182   458   48.208   535
48.233   441   48.258   550
48.284   423   48.309   565
48.334   405   48.359   579
48.385   388   48.411   592
48.435   373   48.461   601
48.486   363   48.512   609
48.537   356   48.562   612
48.588   352   48.613   612
48.638   353   48.664   608
48.689   359   48.715   600
48.739   369   48.765   589
48.791   382   48.816   576
48.841   397   48.866   562
48.892   415   48.918   546
48.942   432   48.968   531
48.993   450   49.019   518
49.044   466   49.069   506
49.095   479   49.120   497
49.145   489   49.170   492
49.196   495   49.222   490
49.246   498   49.272   492
49.297   495   49.323   498
49.348   488   49.373   506
49.399   478   49.424   518
49.449   464   49.475   532
49.500   447   49.526   547
49.550   431   49.576   562
49.602   413   49.627   577
49.652   396   49.677   590
49.703   382   49.729   601
49.753   370   49.779   609
49.804   361   49.830   612
49.855   356   49.880   613
49.906   356   49.931   610
49.956   359   49.982   603
50.007   367   50.033   593
50.057   378   50.083   580
50.108   392   50.134   565
50.159   408   50.184   550
50.210   425   50.235   535
50.260   442   50.286   520
50.311   458   50.337   508
50.361   471   50.387   498
50.413   482   50.438   492
50.463   490   50.488   488
50.514   493   50.540   490
50.564   493   50.590   494
50.615   488   50.641   502
50.666   479   50.691   514
50.717   467   50.742   527
50.767   452   50.793   542
50.818   437   50.844   558
50.868   420   50.894   574
50.919   404   50.945   588
50.970   389   50.995   600
51.021   377   51.046   609
51.071   367   51.097   614
51.122   361   51.148   615
51.172   359   51.198   613
51.224   362   51.249   607
51.274   368   51.299   598
51.325   377   51.351   585
51.375   390   51.401   571
51.426   404   51.452   555
51.477   420   51.502   539
51.528   435   51.553   524
51.578   451   51.604   511
51.629   465   51.655   500
51.679   476   51.705   492
51.730   484   51.756   487
51.781   489   51.806   487
51.832   489   51.857   490
51.882   485   51.908   497
51.933   479   51.959   508
51.983   468   52.009   521
52.035   455   52.060   536
52.085   441   52.110   552
52.136   425   52.162   568
52.186   410   52.212   583
52.237   395   52.263   596
52.288   382   52.313   607
52.339   373   52.364   614
52.389   366   52.415   617
52.440   364   52.466   616
52.490   364   52.516   612
52.542   369   52.567   604
52.592   377   52.617   592
52.643   388   52.668   578
52.693   402   52.719   563
52.744   417   52.770   546
52.794   432   52.820   531
52.846   447   52.871   516
52.896   460   52.921   503
52.947   471   52.973   494
52.997   480   53.023   488
53.048   485   53.074   486
53.099   486   53.124   487
53.150   484   53.175   493
53.200   477   53.226   502
53.251   468   53.277   515
53.301   456   53.327   529
53.353   443   53.378   544
53.403   427   53.428   561
53.454   413   53.479   576
53.504   399   53.530   591
53.555   386   53.581   603
53.605   376   53.631   611
53.657   369   53.682   616
53.707   366   53.732   617
53.758   367   53.784   615
53.808   370   53.834   608
53.859   378   53.885   598
53.910   388   53.935   585
53.961   401   53.986   570
54.011   415   54.037   554
54.062   429   54.088   538
54.112   444   54.138   523
54.164   457   54.189   510
54.214   469   54.239   498
54.265   477   54.290   490
54.315   483   54.341   486
54.366   484   54.392   486
54.416   483   54.442   490
54.468   477   54.493   498
54.518   468   54.543   508
54.569   457   54.595   522
54.619   444   54.645   537
54.670   429   54.696   553
54.721   415   54.746   569
54.772   401   54.797   583
54.822   388   54.848   596
54.873   378   54.899   606
54.923   371   54.949   613
54.975   367   55.000   616
55.025   367   55.050   615
55.076   370   55.102   611
55.126   377   55.152   602
55.177   387   55.203   591
55.227   400   55.253   577
55.279   413   55.304   562
55.329   428   55.354   546
55.380   442   55.406   531
55.430   456   55.456   517
55.481   467   55.507   505
55.532   477   55.557   495
55.583   482   55.608   490
55.633   485   55.659   488
55.684   483   55.710   490
55.734   478   55.760   495
55.786   470   55.811   504
55.836   460   55.861   516
55.887   446   55.913   530
55.937   432   55.963   545
55.988   417   56.014   561
56.038   402   56.064   576
56.090   390   56.115   589
56.140   379   56.165   600
56.191   371   56.217   608
56.241   367   56.267   613
56.292   366   56.318   613
56.343   369   56.368   610
56.394   375   56.419   604
56.444   384   56.470   595
56.495   397   56.521   582
56.545   410   56.571   569
56.597   425   56.622   553
56.647   440   56.672   538
56.698   454   56.724   524
56.748   466   56.774   512
56.799   476   56.825   502
56.849   483   56.875   495
56.901   486   56.926   491
56.951   485   56.976   491
57.002   481   57.028   495
57.052   473   57.078   502
57.103   463   57.129   512
57.154   450   57.179   525
57.205   435   57.230   539
57.255   420   57.281   554
57.306   406   57.332   569
57.356   392   57.382   582
57.408   380   57.433   593
57.458   372   57.483   602
57.509   366   57.535   608
57.559   364   57.585   610
57.610   366   57.636   609
57.660   372   57.686   603
57.712   380   57.737   596
57.763   392   57.787   585
57.813   406   57.839   572
57.864   421   57.889   559
57.914   436   57.940   544
57.966   450   57.990   531
58.016   464   58.041   518
58.067   475   58.092   508
58.117   482   58.143   500
58.168   487   58.193   496
58.219   487   58.244   495
58.270   485   58.294   497
58.320   478   58.346   503
58.371   468   58.396   512
58.421   455   58.447   523
58.473   441   58.497   536
58.523   426   58.548   549
58.574   410   58.598   563
58.624   395   58.650   576
58.675   383   58.700   588
58.725   373   58.751   597
58.777   366   58.801   603
58.827   363   58.852   607
58.878   363   58.903   606
58.928   368   58.954   602
58.979   375   59.004   595
59.030   386   59.055   587
59.081   400   59.105   575
59.131   414   59.157   562
59.182   430   59.207   548
59.232   446   59.258   535
59.284   460   59.308   523
59.334   472   59.359   513
59.385   481   59.409   505
59.435   487   59.461   500
59.486   490   59.511   498
59.536   488   59.562   500
59.588   483   59.612   504
59.638   474   59.663   512
59.689   462   59.714   522
59.739   448   59.765   534
59.790   432   59.815   547
59.841   416   59.866   560
59.892   402   59.916   573
59.942   388   59.968   583
59.993   376   60.018   593
60.043   368   60.069   600
60.095   362   60.119   603
60.145   362   60.170   603
60.196   365   60.220   600
60.246   371   60.272   595
