# Created on 2026-03-19 16:36:39.346334+01:00 (1773934599.346334 s)
# baldaquin version: 0.10.2
# Creator: Pendulum View
# Time4   ADC4   Time5   ADC5
0.026   496   0.050   364
0.076   498   0.102   370
0.127   498   0.152   381
0.177   498   0.203   396
0.228   498   0.253   415
0.279   498   0.304   438
0.330   498   0.354   463
0.380   498   0.406   489
0.431   498   0.456   515
0.481   496   0.507   538
0.533   498   0.557   559
0.583   498   0.608   574
0.634   498   0.659   586
0.684   498   0.710   591
0.735   498   0.760   592
0.786   498   0.811   587
0.837   498   0.861   575
0.887   499   0.913   560
0.938   498   0.963   541
0.988   499   1.014   519
1.040   498   1.064   494
1.090   498   1.115   470
1.141   499   1.165   446
1.191   498   1.217   424
1.242   498   1.267   406
1.292   498   1.318   390
1.344   498   1.368   380
1.394   498   1.419   374
1.445   498   1.470   373
1.495   498   1.521   379
1.546   498   1.571   388
1.597   498   1.622   402
1.648   498   1.672   422
1.698   498   1.724   444
1.749   498   1.774   466
1.799   498   1.825   490
1.851   498   1.875   513
1.901   498   1.926   535
1.952   498   1.976   554
2.002   498   2.028   569
2.053   498   2.078   580
2.103   498   2.129   586
2.155   498   2.180   586
2.205   499   2.230   582
2.256   498   2.282   573
2.306   498   2.332   559
2.357   498   2.383   540
2.408   498   2.433   518
2.459   498   2.484   496
2.509   498   2.535   472
2.560   498   2.586   449
2.610   498   2.636   427
2.662   498   2.687   408
2.712   498   2.737   394
2.763   498   2.788   383
2.813   497   2.839   377
2.864   498   2.890   376
2.914   498   2.940   382
2.966   498   2.991   392
3.016   498   3.041   407
3.067   498   3.093   424
3.117   498   3.143   446
3.168   498   3.194   468
3.219   498   3.244   491
3.270   498   3.295   514
3.320   498   3.346   535
3.371   498   3.397   552
3.421   499   3.447   568
3.473   499   3.498   578
3.523   499   3.548   584
3.574   499   3.600   584
3.624   499   3.650   579
3.675   499   3.701   569
3.725   499   3.751   555
3.777   499   3.802   536
3.827   498   3.852   516
3.878   498   3.904   494
3.928   498   3.954   471
3.979   498   4.005   449
4.030   498   4.055   428
4.081   497   4.106   411
4.131   498   4.157   397
4.182   498   4.208   388
4.232   498   4.258   383
4.284   498   4.309   382
4.334   498   4.359   387
4.385   498   4.411   397
4.435   498   4.461   410
4.486   498   4.512   427
4.536   498   4.562   448
4.588   498   4.613   469
4.638   498   4.663   491
4.689   499   4.715   513
4.739   498   4.765   533
4.790   499   4.816   550
4.841   499   4.866   565
4.892   499   4.917   575
4.942   499   4.968   580
4.993   499   5.019   580
5.043   499   5.069   575
5.095   499   5.120   566
5.145   499   5.170   552
5.196   498   5.222   535
5.246   498   5.272   515
5.297   498   5.323   493
5.347   498   5.373   471
5.399   498   5.424   450
5.449   498   5.474   430
5.500   498   5.526   413
5.550   498   5.576   400
5.601   497   5.627   390
5.652   498   5.677   385
5.703   497   5.728   385
5.753   498   5.779   391
5.804   498   5.830   400
5.854   498   5.880   413
5.906   498   5.931   429
5.956   498   5.981   450
6.007   498   6.033   471
6.057   498   6.083   492
6.108   499   6.134   512
6.158   498   6.184   532
6.210   499   6.235   549
6.260   499   6.285   562
6.311   499   6.337   571
6.361   499   6.387   576
6.412   498   6.438   576
6.463   498   6.488   571
6.514   499   6.539   562
6.564   497   6.590   549
6.615   498   6.641   532
6.665   498   6.691   513
6.717   498   6.742   492
6.767   498   6.792   471
6.818   498   6.844   451
6.868   498   6.894   432
6.919   498   6.945   416
6.969   498   6.995   403
7.021   498   7.046   394
7.071   498   7.096   388
7.122   499   7.148   389
7.172   498   7.198   394
7.223   498   7.249   403
7.274   498   7.299   416
7.325   498   7.350   432
7.376   498   7.401   451
7.426   499   7.452   471
7.477   498   7.502   492
7.528   498   7.553   512
7.579   498   7.603   531
7.629   498   7.655   546
7.680   498   7.705   559
7.730   498   7.756   567
7.782   498   7.806   572
7.832   498   7.857   573
7.883   498   7.907   568
7.933   498   7.959   559
7.984   498   8.009   546
8.034   497   8.060   530
8.086   498   8.110   511
8.136   498   8.161   491
8.187   498   8.212   471
8.237   498   8.263   451
8.288   497   8.313   433
8.339   498   8.364   418
8.390   498   8.414   406
8.440   498   8.466   397
8.491   498   8.516   392
8.541   498   8.567   392
8.593   498   8.617   397
8.643   498   8.668   406
8.694   498   8.718   419
8.744   498   8.770   435
8.795   498   8.820   453
8.845   498   8.871   473
8.897   498   8.921   493
8.947   498   8.972   512
8.998   498   9.023   529
9.048   498   9.074   545
9.099   498   9.124   557
9.150   498   9.175   565
9.201   498   9.225   569
9.251   499   9.277   569
9.302   498   9.327   564
9.352   498   9.378   555
9.404   498   9.428   543
9.454   499   9.479   527
9.505   498   9.529   509
9.555   498   9.581   490
9.606   498   9.631   470
9.656   498   9.682   451
9.708   498   9.732   434
9.758   498   9.783   419
9.809   498   9.834   408
9.859   498   9.885   399
9.910   498   9.935   394
9.961   498   9.986   396
10.012   498   10.036   400
10.062   498   10.088   409
10.113   498   10.138   421
10.163   498   10.189   436
10.215   498   10.239   454
10.265   498   10.290   472
10.316   498   10.340   492
10.366   498   10.392   511
10.417   498   10.443   529
10.467   498   10.493   543
10.519   499   10.544   555
10.569   498   10.594   562
10.620   498   10.646   567
10.670   499   10.696   566
10.721   499   10.747   561
10.772   499   10.797   552
10.823   498   10.848   540
10.873   498   10.899   524
10.924   498   10.950   506
10.974   497   11.000   486
11.026   497   11.051   468
11.076   498   11.101   450
11.127   497   11.153   433
11.177   498   11.203   420
11.228   498   11.254   409
11.278   498   11.304   401
11.330   498   11.355   397
11.380   498   11.405   397
11.431   498   11.457   402
11.481   497   11.507   411
11.532   498   11.558   423
11.583   497   11.608   438
11.634   498   11.659   456
11.684   498   11.710   474
11.735   498   11.761   494
11.785   498   11.811   511
11.837   498   11.862   528
11.887   498   11.912   542
11.938   499   11.964   553
11.988   499   12.014   561
12.039   499   12.065   564
12.089   499   12.115   563
12.141   499   12.166   557
12.191   499   12.216   550
12.242   498   12.268   538
12.292   498   12.318   522
12.343   498   12.369   505
12.394   498   12.419   487
12.445   498   12.470   468
12.495   498   12.521   450
12.546   497   12.572   434
12.596   497   12.622   420
12.648   496   12.673   409
12.698   496   12.723   401
12.749   496   12.775   398
12.799   496   12.825   399
12.850   497   12.876   405
12.900   497   12.926   413
12.952   497   12.977   425
13.002   498   13.027   440
13.053   499   13.079   458
13.103   498   13.129   475
13.154   499   13.180   495
13.205   500   13.230   512
13.256   499   13.281   528
13.306   499   13.332   541
13.357   499   13.383   552
13.407   499   13.433   559
13.459   498   13.484   561
13.509   499   13.534   560
13.560   498   13.586   555
13.610   498   13.636   546
13.661   498   13.687   535
13.712   498   13.737   520
13.763   498   13.788   504
13.813   498   13.838   487
13.864   498   13.890   468
13.914   498   13.940   451
13.965   497   13.991   435
14.016   497   14.041   422
14.067   497   14.092   411
14.117   498   14.143   405
14.168   497   14.194   401
14.218   497   14.244   402
14.270   497   14.295   407
14.320   497   14.345   415
14.371   497   14.397   427
14.421   498   14.447   441
14.472   498   14.498   458
14.523   498   14.548   475
14.574   498   14.599   493
14.624   499   14.649   511
14.675   499   14.701   527
14.725   499   14.751   540
14.776   498   14.802   550
14.827   499   14.852   556
14.878   499   14.903   560
14.929   499   14.954   559
14.979   499   15.005   554
15.030   499   15.055   545
15.081   498   15.106   533
15.132   497   15.156   518
15.182   497   15.208   501
15.233   497   15.258   484
15.283   497   15.309   467
15.335   497   15.359   450
15.385   497   15.410   435
15.436   497   15.460   422
15.486   497   15.512   414
15.537   497   15.562   407
15.587   498   15.613   404
15.639   498   15.663   405
15.689   498   15.714   411
15.740   499   15.765   419
15.790   499   15.816   431
15.841   499   15.866   445
15.892   498   15.917   460
15.943   498   15.967   477
15.993   498   16.019   494
16.044   498   16.069   511
16.094   499   16.120   525
16.146   498   16.170   537
16.196   498   16.221   547
16.247   498   16.272   554
16.297   498   16.323   557
16.348   498   16.373   556
16.398   498   16.424   551
16.450   498   16.474   542
16.500   498   16.525   531
16.551   497   16.576   516
16.601   497   16.627   501
16.652   497   16.677   483
16.703   497   16.728   466
16.754   497   16.778   450
16.804   497   16.830   436
16.855   497   16.880   424
16.905   497   16.931   415
16.957   497   16.981   409
17.007   498   17.032   406
17.058   498   17.083   407
17.108   498   17.134   412
17.159   497   17.184   421
17.209   499   17.235   432
17.261   499   17.285   446
17.311   499   17.336   461
17.362   499   17.387   478
17.412   499   17.438   494
17.463   498   17.488   510
17.514   498   17.539   525
17.565   498   17.589   536
17.615   498   17.641   546
17.666   498   17.691   552
17.716   497   17.742   553
17.768   497   17.792   553
17.818   497   17.843   547
17.869   497   17.894   539
17.919   497   17.945   527
17.970   497   17.996   514
18.020   497   18.046   499
18.072   497   18.097   482
18.122   497   18.147   466
18.173   497   18.199   451
18.223   498   18.249   437
18.274   498   18.300   425
18.325   498   18.350   416
18.376   498   18.401   410
18.426   498   18.452   408
18.477   498   18.503   410
18.527   498   18.553   414
18.579   498   18.604   423
18.629   499   18.654   434
18.680   498   18.706   448
18.730   498   18.756   462
18.781   498   18.807   479
18.832   498   18.857   495
18.883   498   18.908   510
18.933   498   18.958   524
18.984   498   19.010   535
19.034   497   19.060   545
19.085   497   19.111   550
19.136   497   19.161   552
19.187   497   19.212   550
19.237   497   19.263   544
19.288   497   19.314   536
19.338   497   19.364   526
19.390   497   19.415   512
19.440   498   19.465   497
19.491   498   19.517   480
19.541   498   19.567   465
19.592   498   19.618   450
19.643   498   19.668   437
19.694   498   19.719   426
19.744   498   19.769   418
19.795   498   19.821   413
19.845   499   19.871   410
19.896   497   19.922   412
19.947   498   19.972   417
19.998   498   20.023   425
20.048   498   20.074   436
20.099   497   20.125   449
20.149   498   20.175   464
20.201   498   20.226   479
20.251   497   20.276   495
20.302   497   20.328   510
20.352   497   20.378   523
20.403   497   20.429   534
20.454   497   20.479   542
20.505   497   20.530   547
20.555   497   20.580   549
20.606   497   20.632   547
20.656   497   20.682   542
20.707   498   20.733   534
20.758   498   20.783   523
20.809   498   20.834   510
20.859   498   20.885   496
20.910   498   20.936   480
20.960   498   20.986   465
21.012   498   21.037   450
21.062   498   21.087   438
21.113   498   21.139   427
21.163   498   21.189   419
21.214   498   21.240   414
21.265   498   21.290   412
21.316   498   21.341   414
21.366   496   21.392   419
21.417   497   21.443   427
21.467   497   21.493   438
21.518   497   21.544   451
21.569   497   21.594   465
21.620   497   21.645   480
21.671   497   21.696   495
21.721   497   21.747   509
21.772   497   21.797   522
21.823   497   21.848   532
21.874   496   21.898   541
21.924   498   21.950   545
21.975   497   22.000   547
22.025   497   22.051   545
22.077   498   22.101   540
22.127   498   22.152   532
22.178   498   22.203   521
22.228   498   22.254   508
22.279   498   22.304   494
22.329   498   22.355   479
22.381   498   22.405   465
22.431   498   22.456   451
22.482   498   22.507   438
22.532   498   22.558   429
22.583   498   22.608   420
22.634   498   22.659   416
22.685   497   22.709   414
22.735   498   22.761   416
22.786   497   22.811   421
22.836   497   22.862   429
22.888   497   22.912   440
22.938   497   22.963   452
22.989   497   23.014   466
23.039   497   23.065   480
23.090   497   23.115   495
23.140   497   23.166   509
23.192   497   23.216   521
23.242   497   23.267   531
23.293   498   23.318   538
23.343   498   23.369   543
23.394   498   23.419   544
23.445   498   23.470   543
23.496   498   23.520   538
23.546   498   23.572   530
23.597   498   23.622   519
23.647   499   23.673   507
23.699   499   23.723   493
23.749   499   23.774   479
23.800   498   23.825   464
23.850   498   23.876   451
23.901   498   23.926   439
23.952   498   23.977   430
24.003   498   24.027   422
24.053   497   24.078   417
24.104   497   24.129   417
24.154   497   24.180   418
24.205   497   24.230   424
24.256   496   24.281   431
24.307   497   24.331   442
24.357   497   24.383   453
24.408   497   24.433   466
24.458   497   24.484   481
24.510   497   24.534   495
24.560   497   24.585   508
24.611   498   24.636   521
24.661   497   24.687   530
24.712   497   24.738   537
24.763   498   24.788   541
24.814   498   24.839   543
24.864   498   24.889   541
24.915   498   24.941   536
24.965   499   24.991   527
25.016   498   25.042   517
25.067   498   25.092   505
25.118   499   25.143   492
25.168   498   25.194   478
25.219   498   25.245   463
25.269   498   25.295   451
25.321   497   25.346   440
25.371   497   25.396   431
25.422   497   25.448   424
25.472   497   25.498   420
25.523   497   25.549   419
25.574   496   25.599   420
25.625   497   25.650   426
25.675   497   25.700   433
25.726   496   25.752   443
25.776   496   25.802   455
25.827   496   25.853   469
25.878   497   25.903   482
25.929   497   25.954   496
25.979   498   26.005   509
26.030   498   26.056   520
26.080   498   26.106   529
26.132   499   26.157   536
26.182   498   26.207   540
26.233   499   26.259   541
26.283   499   26.309   539
26.334   499   26.360   534
26.385   498   26.410   526
26.436   498   26.461   516
26.486   497   26.512   504
26.537   498   26.563   491
26.587   498   26.613   478
26.638   497   26.664   464
26.689   497   26.714   452
26.740   497   26.765   441
26.790   497   26.816   432
26.841   497   26.867   425
26.891   497   26.917   421
26.943   497   26.968   420
26.993   497   27.018   421
27.044   497   27.070   428
27.094   497   27.120   435
27.145   495   27.171   445
27.196   497   27.221   457
27.247   498   27.272   468
27.297   497   27.323   483
27.348   498   27.374   496
27.398   498   27.424   508
27.449   498   27.475   519
27.500   498   27.525   528
27.551   499   27.576   535
27.601   499   27.627   537
27.652   499   27.678   539
27.702   499   27.728   537
27.754   498   27.779   532
27.804   498   27.829   524
27.855   498   27.881   514
27.905   498   27.931   503
27.956   497   27.982   490
28.007   497   28.032   477
28.058   497   28.083   464
28.108   497   28.134   452
28.159   497   28.185   441
28.209   497   28.235   433
28.260   497   28.286   427
28.311   497   28.336   423
28.362   497   28.387   422
28.412   497   28.438   425
28.463   497   28.489   430
28.513   497   28.539   436
28.565   497   28.590   447
28.615   498   28.640   458
28.666   498   28.692   471
28.716   498   28.742   482
28.767   498   28.793   496
28.818   498   28.843   507
28.869   498   28.894   518
28.919   499   28.945   527
28.970   499   28.996   533
29.020   498   29.046   536
29.072   498   29.097   537
29.122   499   29.147   535
29.173   498   29.198   530
29.223   498   29.249   522
29.274   498   29.300   513
29.324   497   29.350   501
29.376   497   29.401   490
29.426   498   29.451   477
29.477   497   29.503   464
29.527   497   29.553   452
29.578   497   29.604   442
29.629   497   29.654   434
29.680   497   29.705   428
29.730   497   29.756   425
29.781   496   29.807   425
29.831   497   29.857   427
29.883   497   29.908   432
29.933   498   29.958   439
29.984   498   30.009   449
30.034   496   30.060   460
30.085   498   30.111   472
30.135   499   30.161   485
30.187   499   30.212   497
30.237   499   30.262   508
30.288   497   30.314   518
30.338   498   30.364   526
30.389   498   30.415   532
30.440   498   30.465   535
30.491   498   30.516   535
30.541   497   30.567   533
30.592   497   30.618   528
30.642   497   30.668   521
30.694   497   30.719   511
30.744   497   30.769   500
30.795   497   30.820   488
30.845   497   30.871   475
30.896   497   30.922   464
30.946   497   30.972   453
30.998   497   31.023   444
31.048   496   31.073   434
31.099   497   31.125   430
31.149   498   31.175   427
31.200   498   31.226   426
31.251   497   31.276   429
31.302   498   31.327   434
31.352   498   31.378   441
31.403   498   31.429   450
31.453   498   31.479   461
31.505   498   31.530   472
31.555   498   31.580   485
31.606   498   31.632   497
31.656   498   31.682   508
31.707   498   31.733   518
31.757   498   31.783   526
31.809   498   31.834   531
31.859   499   31.884   534
31.910   498   31.936   534
31.960   498   31.986   532
32.011   497   32.037   526
32.062   497   32.087   518
32.113   497   32.138   509
32.163   497   32.189   499
32.214   496   32.240   487
32.264   496   32.290   475
32.316   497   32.341   463
32.366   497   32.391   451
32.417   497   32.443   444
32.467   497   32.493   436
32.518   497   32.544   431
32.568   498   32.594   428
32.620   498   32.645   428
32.670   498   32.695   431
32.721   498   32.747   436
32.771   498   32.797   442
32.822   498   32.848   451
32.873   498   32.898   463
32.924   498   32.949   474
32.974   498   33.000   485
33.025   498   33.051   497
33.075   497   33.101   507
33.127   497   33.152   517
33.177   497   33.202   524
33.228   497   33.254   529
33.278   497   33.304   532
33.329   497   33.355   532
33.379   497   33.405   530
33.431   497   33.456   525
33.481   497   33.506   518
33.532   497   33.558   509
33.582   498   33.608   498
33.633   497   33.659   487
33.685   498   33.709   475
33.735   497   33.760   464
33.786   497   33.811   454
33.836   498   33.862   444
33.887   497   33.912   437
33.938   498   33.963   432
33.989   497   34.013   430
34.039   498   34.065   430
34.090   497   34.115   432
34.140   498   34.166   437
34.192   498   34.216   444
34.242   498   34.267   453
34.293   498   34.317   464
34.343   498   34.369   475
34.394   498   34.419   486
34.444   498   34.470   497
34.496   497   34.520   507
34.546   497   34.571   515
34.597   497   34.622   523
34.647   497   34.673   528
34.698   497   34.723   530
34.749   497   34.774   530
34.800   496   34.824   528
34.850   497   34.876   522
34.901   498   34.926   515
34.951   496   34.977   507
35.003   497   35.027   496
35.053   497   35.078   486
35.104   498   35.128   475
35.154   498   35.180   464
35.205   498   35.230   454
35.255   498   35.281   445
35.307   498   35.331   439
35.357   498   35.382   433
35.408   498   35.433   432
35.458   497   35.484   431
35.509   498   35.534   434
35.560   498   35.585   439
35.611   497   35.635   446
35.661   497   35.687   454
35.712   497   35.737   465
35.762   497   35.788   475
35.814   497   35.838   486
35.864   497   35.889   497
35.915   497   35.939   507
35.965   497   35.991   515
36.016   497   36.041   522
36.066   497   36.092   527
36.118   497   36.142   529
36.168   497   36.193   529
36.219   497   36.244   526
36.269   497   36.295   521
36.320   498   36.345   514
36.371   498   36.396   506
36.422   498   36.446   496
36.472   498   36.498   484
36.523   498   36.548   474
36.573   498   36.599   463
36.625   498   36.649   454
36.675   498   36.700   446
36.726   497   36.750   440
36.776   497   36.802   434
36.827   497   36.853   433
36.877   497   36.903   433
36.929   497   36.954   436
36.979   498   37.004   441
37.030   497   37.056   448
37.080   497   37.106   457
37.131   497   37.157   466
37.182   497   37.207   476
37.233   497   37.258   487
37.283   497   37.309   497
37.334   497   37.360   507
37.384   497   37.410   515
37.436   497   37.461   521
37.486   497   37.511   525
37.537   497   37.563   528
37.587   498   37.613   526
37.638   497   37.664   524
37.688   497   37.714   519
37.740   498   37.765   512
37.790   498   37.815   504
37.841   497   37.867   495
37.891   498   37.917   484
37.942   498   37.968   474
37.993   498   38.018   464
38.044   498   38.069   455
38.094   497   38.120   447
38.145   497   38.171   441
38.195   497   38.221   437
38.247   497   38.272   435
38.297   497   38.322   435
38.348   497   38.374   438
38.398   497   38.424   443
38.449   497   38.475   449
38.499   497   38.525   458
38.551   497   38.576   467
38.601   497   38.626   477
38.652   496   38.678   488
38.702   497   38.728   497
38.753   497   38.779   507
38.804   497   38.829   514
38.855   497   38.880   521
38.905   497   38.931   525
38.956   497   38.982   526
39.006   497   39.032   526
39.058   497   39.083   522
39.108   498   39.133   518
39.159   498   39.185   511
39.209   498   39.235   502
39.260   497   39.286   493
39.310   498   39.336   483
39.362   498   39.387   472
39.412   498   39.437   464
39.463   497   39.489   455
39.513   497   39.539   447
39.564   497   39.590   442
39.615   497   39.640   438
39.666   497   39.691   435
39.716   497   39.742   437
39.767   497   39.793   440
39.817   497   39.843   444
39.869   497   39.894   451
39.919   497   39.944   458
39.970   497   39.996   468
40.020   496   40.046   478
40.071   497   40.097   488
40.121   497   40.147   497
40.173   498   40.198   506
40.223   497   40.248   514
40.274   498   40.300   519
40.324   498   40.350   523
40.375   498   40.401   524
40.426   497   40.451   524
40.477   496   40.502   521
40.528   497   40.553   516
40.578   498   40.604   510
40.629   498   40.654   502
40.680   498   40.705   493
40.731   498   40.755   483
40.781   498   40.807   473
40.832   497   40.857   464
40.882   497   40.908   455
40.934   497   40.958   448
40.984   497   41.009   443
41.035   497   41.059   439
41.085   497   41.111   438
41.136   497   41.161   438
41.186   497   41.212   441
41.238   497   41.262   446
41.288   496   41.313   452
41.339   497   41.364   461
41.389   497   41.415   469
41.440   497   41.465   479
41.491   497   41.516   489
41.542   497   41.566   497
41.592   497   41.618   506
41.643   497   41.668   513
41.693   498   41.719   517
41.745   497   41.769   522
41.795   498   41.820   523
41.846   498   41.870   523
41.896   496   41.922   519
41.947   498   41.972   515
41.997   498   42.023   508
42.049   498   42.073   500
42.099   497   42.124   492
42.150   497   42.175   483
42.200   497   42.226   473
42.251   497   42.276   464
42.302   497   42.327   456
42.353   497   42.377   449
42.403   497   42.429   444
42.454   497   42.479   441
42.504   497   42.530   439
42.556   497   42.580   440
42.606   496   42.631   442
42.657   497   42.681   447
42.707   497   42.733   454
42.758   497   42.783   462
42.808   497   42.834   470
42.860   497   42.884   480
42.910   498   42.935   489
42.961   498   42.986   498
43.011   497   43.037   506
43.062   497   43.087   512
43.113   497   43.138   517
43.164   498   43.188   521
43.214   498   43.240   522
43.265   498   43.290   521
43.315   498   43.341   518
43.367   498   43.391   513
43.417   497   43.442   507
43.468   498   43.492   499
43.518   497   43.544   491
43.569   497   43.595   482
43.619   496   43.645   473
43.671   497   43.696   464
43.721   497   43.746   456
43.772   497   43.798   450
43.822   497   43.848   444
43.873   496   43.899   442
43.924   497   43.949   441
43.975   497   44.000   442
44.025   496   44.051   444
44.076   497   44.102   449
44.126   497   44.152   455
44.178   497   44.203   463
44.228   498   44.253   471
44.279   498   44.305   480
44.329   497   44.355   488
44.380   497   44.406   498
44.430   497   44.456   505
44.482   498   44.507   512
44.532   497   44.557   515
44.583   498   44.609   520
44.633   498   44.659   521
44.684   498   44.710   520
44.735   498   44.760   517
44.786   497   44.811   512
44.836   497   44.862   506
44.887   497   44.913   499
44.937   497   44.963   490
44.989   497   45.014   482
45.039   497   45.064   473
45.090   497   45.116   464
45.140   497   45.166   457
45.191   497   45.217   451
45.241   497   45.267   446
45.293   497   45.318   443
45.343   497   45.368   442
45.394   497   45.420   443
45.444   497   45.470   446
45.495   497   45.521   451
45.546   498   45.571   457
45.597   497   45.622   464
45.647   497   45.673   472
45.698   497   45.724   481
45.748   497   45.774   490
45.800   497   45.825   497
45.850   497   45.875   503
45.901   497   45.927   511
45.951   497   45.977   516
46.002   497   46.028   518
46.052   497   46.078   519
46.104   497   46.129   518
46.154   497   46.179   516
46.205   497   46.231   511
46.255   497   46.281   505
46.306   497   46.332   498
46.357   497   46.382   490
46.408   497   46.433   481
46.458   497   46.484   473
46.509   497   46.535   464
46.559   497   46.585   457
46.611   497   46.636   451
46.661   497   46.686   447
46.712   497   46.738   445
46.762   497   46.788   443
46.813   497   46.839   445
46.864   497   46.889   448
46.915   497   46.940   452
46.965   497   46.990   458
47.016   497   47.042   465
47.066   497   47.092   473
47.117   497   47.143   482
47.168   497   47.193   490
47.219   497   47.244   498
47.269   498   47.295   505
47.320   497   47.346   510
47.370   498   47.396   515
47.422   497   47.447   517
47.472   497   47.497   518
47.523   497   47.549   517
47.573   497   47.599   514
47.624   497   47.650   510
47.675   497   47.700   503
47.726   497   47.751   497
47.776   497   47.801   489
47.827   497   47.853   480
47.877   496   47.903   473
47.928   497   47.954   465
47.979   497   48.004   458
48.030   497   48.055   451
48.081   497   48.106   448
48.131   497   48.157   446
48.182   497   48.207   445
48.233   497   48.258   446
48.284   497   48.308   449
48.334   497   48.360   453
48.385   497   48.410   459
48.435   497   48.461   466
48.487   497   48.511   474
48.537   497   48.562   482
48.588   497   48.612   490
48.638   496   48.664   498
48.689   497   48.714   504
48.739   497   48.765   510
48.791   497   48.815   514
48.841   497   48.866   516
48.892   497   48.917   517
48.942   497   48.968   515
48.993   497   49.018   513
49.044   497   49.069   508
49.095   497   49.119   502
49.145   496   49.171   495
49.196   497   49.221   488
49.246   497   49.272   480
49.298   498   49.322   472
49.348   497   49.373   465
49.399   497   49.424   459
49.449   497   49.475   453
49.500   497   49.525   449
49.550   497   49.576   447
49.602   496   49.626   447
49.652   497   49.677   448
49.703   497   49.728   450
49.753   497   49.779   455
49.804   497   49.829   461
49.855   497   49.880   467
49.906   497   49.930   475
49.956   497   49.982   483
50.007   497   50.032   490
50.057   497   50.083   497
50.109   497   50.133   504
50.159   497   50.184   509
50.210   497   50.235   512
50.260   497   50.286   515
50.311   497   50.336   516
50.361   496   50.387   514
50.413   497   50.437   512
50.463   497   50.488   507
50.514   497   50.539   501
50.564   498   50.590   495
50.615   498   50.640   487
50.666   497   50.691   480
50.717   497   50.741   472
50.767   497   50.793   465
50.818   497   50.843   459
50.868   497   50.894   454
50.920   497   50.944   450
50.970   497   50.995   448
51.021   497   51.046   448
51.071   497   51.097   449
51.122   497   51.148   452
51.172   497   51.198   456
51.224   497   51.249   462
51.274   497   51.299   469
51.325   497   51.351   476
51.375   497   51.401   483
51.426   496   51.452   490
51.477   496   51.502   497
51.528   497   51.553   503
51.578   497   51.604   509
51.629   497   51.655   512
51.679   497   51.705   514
51.731   497   51.756   515
51.781   497   51.806   513
51.832   497   51.858   510
51.882   497   51.908   506
51.933   499   51.959   500
51.984   497   52.009   494
52.035   498   52.060   487
52.085   497   52.110   480
52.136   497   52.162   472
52.186   497   52.212   465
52.237   497   52.263   459
52.288   497   52.313   454
52.339   497   52.364   451
52.389   497   52.415   449
52.440   497   52.466   449
52.490   497   52.516   450
52.542   497   52.567   453
52.592   497   52.617   458
52.643   497   52.669   463
52.693   497   52.719   467
52.744   496   52.770   476
52.795   497   52.820   484
52.846   497   52.871   490
52.896   496   52.921   497
52.947   497   52.973   503
52.997   497   53.023   508
53.048   497   53.074   511
53.099   497   53.124   513
53.150   497   53.175   513
53.200   498   53.226   512
53.251   497   53.277   509
53.301   497   53.327   505
53.353   497   53.378   499
53.403   497   53.428   493
53.454   496   53.480   486
53.504   497   53.530   479
53.555   497   53.581   472
53.606   497   53.631   466
53.657   496   53.682   460
53.707   497   53.732   456
53.758   497   53.784   452
53.808   497   53.834   451
53.859   496   53.885   450
53.910   497   53.935   452
53.961   497   53.986   454
54.011   497   54.037   459
54.062   497   54.088   464
54.112   496   54.138   470
54.164   497   54.189   477
54.214   497   54.239   484
54.265   496   54.291   491
54.315   497   54.341   497
54.366   497   54.392   503
54.417   497   54.442   507
54.468   497   54.493   510
54.518   497   54.544   512
54.569   497   54.595   512
54.619   497   54.645   511
54.670   497   54.696   508
54.721   497   54.746   504
54.772   497   54.797   498
54.823   497   54.848   492
54.873   497   54.899   484
54.924   497   54.949   479
54.975   497   55.000   472
55.026   497   55.050   466
55.076   497   55.102   460
55.127   497   55.152   456
55.177   496   55.203   453
55.229   497   55.253   452
55.279   497   55.304   452
55.330   497   55.355   452
55.380   497   55.406   456
55.431   497   55.456   460
55.481   497   55.507   465
55.533   497   55.557   471
55.583   497   55.608   478
55.634   497   55.659   485
55.684   497   55.710   491
55.735   497   55.760   497
55.786   497   55.811   503
55.837   497   55.861   506
55.887   497   55.913   509
55.938   497   55.963   511
55.988   498   56.014   510
56.040   497   56.064   509
56.090   497   56.115   507
56.141   497   56.166   502
56.191   496   56.217   497
56.242   497   56.267   492
56.292   497   56.318   485
56.344   497   56.368   479
56.394   497   56.419   472
56.445   497   56.470   467
56.495   496   56.521   461
56.546   496   56.571   457
56.597   497   56.622   454
56.648   497   56.672   453
56.698   497   56.724   453
56.749   497   56.774   454
56.799   497   56.825   457
56.851   497   56.875   461
56.901   497   56.926   466
56.952   497   56.977   472
57.002   497   57.028   478
57.053   497   57.078   485
57.104   497   57.129   491
57.155   497   57.179   497
57.205   497   57.230   502
57.256   497   57.281   506
57.306   496   57.332   509
57.357   497   57.382   510
57.408   497   57.433   510
57.459   496   57.483   508
57.509   498   57.535   505
57.560   497   57.585   501
57.610   497   57.636   496
57.662   497   57.686   491
57.712   497   57.737   484
57.763   497   57.788   479
57.813   497   57.839   472
57.864   497   57.890   467
57.915   496   57.940   462
57.966   497   57.991   458
58.016   497   58.041   455
58.067   496   58.093   454
58.117   497   58.143   454
58.168   497   58.194   456
58.219   497   58.244   458
58.270   497   58.295   462
58.320   497   58.346   467
58.371   497   58.397   473
58.421   497   58.447   479
58.473   496   58.498   485
58.523   497   58.548   491
58.574   497   58.600   497
58.624   497   58.650   502
58.675   497   58.701   505
58.726   497   58.751   508
58.777   497   58.802   509
58.827   497   58.852   509
58.878   497   58.904   507
58.928   497   58.954   505
58.979   497   59.005   500
59.030   497   59.055   496
59.081   497   59.106   490
59.131   497   59.157   484
59.182   497   59.208   478
59.232   496   59.258   472
59.284   497   59.309   467
59.334   497   59.359   462
59.385   497   59.411   459
59.435   497   59.461   456
59.486   496   59.512   455
59.537   497   59.562   455
59.588   497   59.613   456
59.638   497   59.664   460
59.689   497   59.715   464
59.739   497   59.765   469
59.790   497   59.816   473
59.841   497   59.866   480
59.892   497   59.917   486
59.942   497   59.968   491
59.993   497   60.019   496
60.043   497   60.069   501
60.095   497   60.120   504
60.145   497   60.170   507
60.196   496   60.222   508
60.246   497   60.272   507
60.297   497   60.323   506
60.348   497   60.373   504
60.399   497   60.424   500
60.449   497   60.475   495
60.500   497   60.526   489
60.550   497   60.576   484
60.601   497   60.627   476
