# Created on 2026-03-12 15:33:08.204556+01:00 (1773325988.204556 s)
# baldaquin version: 0.10.0
# Creator: Pendulum View
# Pin number, Time [s], Position [a. u.]
4, 0.025, 544
5, 0.051, 507
4, 0.076, 544
5, 0.102, 508
4, 0.126, 545
5, 0.152, 508
4, 0.178, 544
5, 0.203, 507
4, 0.228, 544
5, 0.253, 508
4, 0.279, 545
5, 0.305, 508
4, 0.329, 544
5, 0.355, 508
4, 0.380, 544
5, 0.406, 508
4, 0.431, 544
5, 0.456, 508
4, 0.482, 544
5, 0.507, 508
4, 0.532, 544
5, 0.557, 507
4, 0.583, 543
5, 0.609, 507
4, 0.633, 544
5, 0.659, 507
4, 0.684, 544
5, 0.710, 507
4, 0.735, 544
5, 0.760, 508
4, 0.786, 544
5, 0.811, 508
4, 0.837, 544
5, 0.862, 508
4, 0.887, 544
5, 0.913, 507
4, 0.938, 544
5, 0.963, 507
4, 0.989, 542
5, 1.014, 508
4, 1.040, 538
5, 1.064, 508
4, 1.090, 532
5, 1.116, 508
4, 1.141, 524
5, 1.166, 508
4, 1.191, 515
5, 1.217, 508
4, 1.243, 506
5, 1.267, 507
4, 1.293, 496
5, 1.318, 507
4, 1.344, 487
5, 1.368, 508
4, 1.394, 478
5, 1.420, 508
4, 1.445, 471
5, 1.470, 508
4, 1.495, 466
5, 1.521, 508
4, 1.547, 462
5, 1.571, 508
4, 1.597, 460
5, 1.622, 508
4, 1.648, 460
5, 1.673, 508
4, 1.698, 463
5, 1.724, 508
4, 1.749, 467
5, 1.774, 507
4, 1.800, 473
5, 1.825, 507
4, 1.851, 481
5, 1.875, 507
4, 1.901, 489
5, 1.927, 507
4, 1.952, 498
5, 1.977, 508
4, 2.002, 507
5, 2.028, 508
4, 2.054, 516
5, 2.078, 508
4, 2.104, 525
5, 2.129, 507
4, 2.155, 532
5, 2.180, 507
4, 2.205, 537
5, 2.231, 507
4, 2.256, 541
5, 2.281, 508
4, 2.306, 542
5, 2.332, 508
4, 2.358, 542
5, 2.382, 507
4, 2.408, 540
5, 2.433, 507
4, 2.459, 536
5, 2.484, 507
4, 2.509, 530
5, 2.535, 508
4, 2.560, 522
5, 2.585, 508
4, 2.611, 513
5, 2.636, 507
4, 2.662, 505
5, 2.686, 507
4, 2.712, 495
5, 2.738, 508
4, 2.763, 487
5, 2.788, 508
4, 2.813, 479
5, 2.839, 508
4, 2.865, 472
5, 2.889, 508
4, 2.915, 466
5, 2.940, 507
4, 2.966, 464
5, 2.991, 507
4, 3.016, 462
5, 3.042, 508
4, 3.067, 463
5, 3.092, 507
4, 3.117, 464
5, 3.143, 507
4, 3.169, 469
5, 3.193, 507
4, 3.219, 475
5, 3.244, 507
4, 3.270, 483
5, 3.295, 507
4, 3.320, 491
5, 3.346, 507
4, 3.371, 500
5, 3.396, 508
4, 3.422, 509
5, 3.447, 507
4, 3.473, 517
5, 3.497, 507
4, 3.523, 526
5, 3.549, 507
4, 3.574, 532
5, 3.599, 507
4, 3.624, 537
5, 3.650, 508
4, 3.676, 541
5, 3.700, 507
4, 3.726, 542
5, 3.751, 507
4, 3.777, 541
5, 3.802, 508
4, 3.827, 538
5, 3.853, 508
4, 3.878, 535
5, 3.904, 507
4, 3.928, 528
5, 3.954, 507
4, 3.980, 521
5, 4.005, 508
4, 4.030, 512
5, 4.055, 508
4, 4.081, 503
5, 4.107, 508
4, 4.131, 494
5, 4.157, 507
4, 4.182, 486
5, 4.208, 507
4, 4.233, 479
5, 4.258, 507
4, 4.284, 472
5, 4.309, 507
4, 4.334, 468
5, 4.360, 507
4, 4.385, 465
5, 4.411, 507
4, 4.435, 464
5, 4.461, 507
4, 4.487, 464
5, 4.512, 507
4, 4.537, 467
5, 4.562, 507
4, 4.588, 471
5, 4.614, 507
4, 4.638, 478
5, 4.664, 506
4, 4.689, 485
5, 4.715, 507
4, 4.740, 493
5, 4.765, 507
4, 4.791, 501
5, 4.816, 507
4, 4.841, 510
5, 4.866, 507
4, 4.892, 518
5, 4.918, 506
4, 4.942, 526
5, 4.968, 507
4, 4.993, 532
5, 5.019, 507
4, 5.044, 537
5, 5.069, 507
4, 5.095, 540
5, 5.120, 507
4, 5.145, 541
5, 5.171, 508
4, 5.196, 540
5, 5.222, 508
4, 5.246, 537
5, 5.272, 508
4, 5.298, 532
5, 5.323, 507
4, 5.348, 527
5, 5.373, 508
4, 5.399, 519
5, 5.425, 508
4, 5.449, 511
5, 5.475, 507
4, 5.500, 503
5, 5.526, 507
4, 5.551, 494
5, 5.576, 507
4, 5.602, 486
5, 5.627, 507
4, 5.652, 478
5, 5.677, 507
4, 5.703, 472
5, 5.729, 507
4, 5.753, 468
5, 5.779, 507
4, 5.804, 465
5, 5.830, 507
4, 5.855, 464
5, 5.880, 507
4, 5.906, 466
5, 5.931, 507
4, 5.956, 469
5, 5.982, 507
4, 6.007, 473
5, 6.033, 507
4, 6.057, 479
5, 6.083, 507
4, 6.109, 486
5, 6.134, 507
4, 6.159, 494
5, 6.184, 507
4, 6.210, 503
5, 6.236, 508
4, 6.260, 511
5, 6.286, 507
4, 6.311, 519
5, 6.337, 507
4, 6.362, 527
5, 6.387, 507
4, 6.413, 532
5, 6.438, 507
4, 6.463, 536
5, 6.488, 507
4, 6.514, 538
5, 6.540, 508
4, 6.564, 539
5, 6.590, 507
4, 6.615, 537
5, 6.641, 508
4, 6.666, 535
5, 6.691, 508
4, 6.717, 530
5, 6.742, 508
4, 6.767, 524
5, 6.793, 508
4, 6.818, 517
5, 6.844, 508
4, 6.868, 508
5, 6.894, 508
4, 6.920, 501
5, 6.945, 507
4, 6.970, 492
5, 6.995, 507
4, 7.021, 485
5, 7.047, 507
4, 7.071, 478
5, 7.097, 507
4, 7.122, 473
5, 7.148, 507
4, 7.173, 468
5, 7.198, 507
4, 7.224, 466
5, 7.249, 507
4, 7.274, 465
5, 7.300, 507
4, 7.325, 467
5, 7.351, 508
4, 7.375, 470
5, 7.401, 507
4, 7.426, 474
5, 7.452, 507
4, 7.477, 481
5, 7.502, 508
4, 7.528, 488
5, 7.553, 507
4, 7.579, 496
5, 7.604, 508
4, 7.629, 503
5, 7.655, 507
4, 7.680, 511
5, 7.705, 508
4, 7.731, 519
5, 7.756, 507
4, 7.782, 525
5, 7.806, 507
4, 7.832, 531
5, 7.858, 508
4, 7.883, 535
5, 7.908, 508
4, 7.933, 537
5, 7.959, 508
4, 7.985, 538
5, 8.009, 508
4, 8.035, 536
5, 8.060, 508
4, 8.086, 533
5, 8.111, 508
4, 8.136, 528
5, 8.162, 508
4, 8.187, 522
5, 8.212, 508
4, 8.237, 515
5, 8.263, 508
4, 8.289, 507
5, 8.313, 508
4, 8.339, 499
5, 8.364, 508
4, 8.390, 491
5, 8.415, 507
4, 8.440, 484
5, 8.466, 507
4, 8.491, 478
5, 8.516, 507
4, 8.542, 473
5, 8.567, 507
4, 8.593, 469
5, 8.617, 507
4, 8.643, 467
5, 8.669, 507
4, 8.694, 467
5, 8.719, 507
4, 8.744, 469
5, 8.770, 508
4, 8.796, 472
5, 8.820, 508
4, 8.846, 476
5, 8.871, 507
4, 8.897, 482
5, 8.922, 508
4, 8.947, 489
5, 8.973, 507
4, 8.998, 497
5, 9.023, 508
4, 9.048, 505
5, 9.074, 508
4, 9.100, 512
5, 9.124, 508
4, 9.150, 520
5, 9.175, 508
4, 9.201, 526
5, 9.226, 508
4, 9.251, 531
5, 9.277, 507
4, 9.302, 534
5, 9.327, 508
4, 9.353, 536
5, 9.378, 508
4, 9.404, 537
5, 9.428, 508
4, 9.454, 535
5, 9.480, 508
4, 9.505, 531
5, 9.530, 508
4, 9.555, 527
5, 9.581, 507
4, 9.607, 520
5, 9.631, 508
4, 9.657, 514
5, 9.682, 508
4, 9.708, 506
5, 9.733, 508
4, 9.758, 499
5, 9.784, 508
4, 9.809, 490
5, 9.834, 508
4, 9.860, 483
5, 9.885, 507
4, 9.911, 478
5, 9.935, 507
4, 9.961, 474
5, 9.986, 507
4, 10.012, 470
5, 10.037, 506
4, 10.062, 469
5, 10.088, 507
4, 10.113, 469
5, 10.138, 506
4, 10.164, 470
5, 10.189, 507
4, 10.215, 474
5, 10.239, 507
4, 10.265, 478
5, 10.291, 507
4, 10.316, 484
5, 10.341, 507
4, 10.366, 491
5, 10.392, 507
4, 10.418, 499
5, 10.442, 507
4, 10.468, 506
5, 10.493, 507
4, 10.519, 514
5, 10.544, 508
4, 10.569, 520
5, 10.595, 508
4, 10.620, 526
5, 10.646, 507
4, 10.671, 531
5, 10.696, 507
4, 10.722, 534
5, 10.747, 508
4, 10.772, 536
5, 10.797, 508
4, 10.823, 535
5, 10.849, 508
4, 10.873, 533
5, 10.899, 507
4, 10.924, 530
5, 10.950, 508
4, 10.975, 525
5, 11.000, 507
4, 11.026, 519
5, 11.051, 508
4, 11.076, 512
5, 11.102, 507
4, 11.127, 505
5, 11.153, 507
4, 11.177, 497
5, 11.203, 508
4, 11.229, 490
5, 11.254, 507
4, 11.279, 484
5, 11.304, 507
4, 11.330, 478
5, 11.356, 507
4, 11.380, 474
5, 11.406, 507
4, 11.431, 471
5, 11.457, 507
4, 11.482, 469
5, 11.507, 507
4, 11.533, 470
5, 11.558, 507
4, 11.583, 472
5, 11.608, 507
4, 11.634, 476
5, 11.660, 507
4, 11.684, 480
5, 11.710, 507
4, 11.735, 486
5, 11.761, 507
4, 11.786, 493
5, 11.811, 508
4, 11.837, 500
5, 11.862, 507
4, 11.887, 507
5, 11.913, 507
4, 11.938, 515
5, 11.964, 507
4, 11.988, 521
5, 12.014, 507
4, 12.040, 526
5, 12.065, 508
4, 12.090, 530
5, 12.115, 508
4, 12.141, 533
5, 12.167, 507
4, 12.191, 534
5, 12.217, 508
4, 12.242, 534
5, 12.268, 508
4, 12.293, 532
5, 12.318, 506
4, 12.344, 528
5, 12.369, 507
4, 12.394, 523
5, 12.420, 507
4, 12.445, 518
5, 12.471, 507
4, 12.495, 511
5, 12.521, 507
4, 12.546, 504
5, 12.572, 507
4, 12.597, 497
5, 12.622, 507
4, 12.648, 489
5, 12.673, 507
4, 12.698, 483
5, 12.724, 507
4, 12.749, 479
5, 12.775, 507
4, 12.799, 474
5, 12.825, 507
4, 12.851, 472
5, 12.876, 507
4, 12.901, 471
5, 12.926, 507
4, 12.952, 472
5, 12.978, 507
4, 13.002, 473
5, 13.028, 507
4, 13.053, 477
5, 13.079, 507
4, 13.104, 482
5, 13.129, 507
4, 13.155, 487
5, 13.180, 507
4, 13.205, 493
5, 13.231, 507
4, 13.256, 501
5, 13.282, 508
4, 13.306, 508
5, 13.332, 507
4, 13.357, 515
5, 13.383, 507
4, 13.408, 520
5, 13.433, 507
4, 13.459, 526
5, 13.484, 508
4, 13.509, 529
5, 13.535, 508
4, 13.560, 532
5, 13.586, 508
4, 13.610, 533
5, 13.636, 508
4, 13.662, 532
5, 13.687, 507
4, 13.712, 530
5, 13.737, 508
4, 13.763, 526
5, 13.789, 508
4, 13.813, 521
5, 13.839, 508
4, 13.864, 516
5, 13.890, 507
4, 13.915, 509
5, 13.940, 508
4, 13.966, 502
5, 13.991, 507
4, 14.016, 495
5, 14.042, 508
4, 14.067, 489
5, 14.093, 507
4, 14.117, 484
5, 14.143, 508
4, 14.168, 479
5, 14.194, 507
4, 14.219, 475
5, 14.244, 508
4, 14.270, 472
5, 14.295, 508
4, 14.320, 472
5, 14.346, 507
4, 14.371, 473
5, 14.397, 507
4, 14.421, 474
5, 14.447, 508
4, 14.473, 478
5, 14.498, 507
4, 14.523, 483
5, 14.548, 507
4, 14.574, 489
5, 14.600, 507
4, 14.624, 495
5, 14.650, 508
4, 14.675, 501
5, 14.701, 508
4, 14.726, 508
5, 14.751, 508
4, 14.777, 515
5, 14.802, 507
4, 14.827, 521
5, 14.853, 508
4, 14.878, 525
5, 14.904, 508
4, 14.928, 529
5, 14.954, 508
4, 14.980, 531
5, 15.005, 508
4, 15.030, 532
5, 15.055, 507
4, 15.081, 531
5, 15.106, 508
4, 15.131, 528
5, 15.157, 508
4, 15.182, 525
5, 15.208, 508
4, 15.232, 520
5, 15.258, 507
4, 15.284, 514
5, 15.309, 507
4, 15.334, 508
5, 15.359, 508
4, 15.385, 501
5, 15.411, 507
4, 15.435, 495
5, 15.461, 507
4, 15.486, 489
5, 15.512, 507
4, 15.537, 484
5, 15.562, 507
4, 15.588, 479
5, 15.613, 508
4, 15.638, 476
5, 15.664, 507
4, 15.689, 473
5, 15.715, 507
4, 15.739, 473
5, 15.765, 507
4, 15.791, 474
5, 15.816, 507
4, 15.841, 477
5, 15.866, 508
4, 15.892, 480
5, 15.917, 507
4, 15.942, 484
5, 15.968, 507
4, 15.993, 490
5, 16.019, 506
4, 16.043, 497
5, 16.069, 507
4, 16.095, 503
5, 16.120, 508
4, 16.145, 509
5, 16.170, 507
4, 16.196, 516
5, 16.222, 507
4, 16.246, 521
5, 16.272, 508
4, 16.297, 525
5, 16.323, 507
4, 16.348, 528
5, 16.373, 507
4, 16.399, 530
5, 16.424, 507
4, 16.449, 531
5, 16.475, 507
4, 16.500, 530
5, 16.526, 507
4, 16.550, 527
5, 16.576, 508
4, 16.602, 523
5, 16.627, 507
4, 16.652, 519
5, 16.677, 508
4, 16.703, 513
5, 16.728, 507
4, 16.753, 507
5, 16.779, 507
4, 16.804, 500
5, 16.830, 507
4, 16.854, 494
5, 16.880, 507
4, 16.906, 489
5, 16.931, 507
4, 16.956, 483
5, 16.981, 507
4, 17.007, 480
5, 17.033, 507
4, 17.057, 476
5, 17.083, 508
4, 17.108, 475
5, 17.134, 507
4, 17.159, 475
5, 17.184, 507
4, 17.210, 476
5, 17.235, 508
4, 17.260, 478
5, 17.286, 507
4, 17.311, 482
5, 17.337, 503
4, 17.361, 486
5, 17.387, 508
4, 17.413, 492
5, 17.438, 507
4, 17.463, 498
5, 17.488, 508
4, 17.514, 504
5, 17.540, 507
4, 17.564, 511
5, 17.590, 507
4, 17.615, 516
5, 17.641, 507
4, 17.665, 521
5, 17.691, 507
4, 17.717, 525
5, 17.742, 507
4, 17.767, 528
5, 17.792, 507
4, 17.818, 529
5, 17.844, 507
4, 17.868, 529
5, 17.894, 508
4, 17.919, 528
5, 17.945, 507
4, 17.970, 526
5, 17.995, 507
4, 18.021, 522
5, 18.046, 507
4, 18.071, 517
5, 18.097, 507
4, 18.122, 512
5, 18.148, 507
4, 18.172, 506
5, 18.198, 508
4, 18.224, 499
5, 18.249, 507
4, 18.274, 494
5, 18.299, 507
4, 18.325, 488
5, 18.351, 508
4, 18.375, 484
5, 18.401, 508
4, 18.426, 480
5, 18.452, 508
4, 18.476, 477
5, 18.502, 508
4, 18.528, 476
5, 18.553, 507
4, 18.578, 477
5, 18.603, 508
4, 18.629, 477
5, 18.655, 507
4, 18.679, 480
5, 18.705, 507
4, 18.730, 483
5, 18.756, 508
4, 18.781, 488
5, 18.806, 507
4, 18.832, 494
5, 18.857, 507
4, 18.882, 500
5, 18.908, 507
4, 18.933, 505
5, 18.959, 507
4, 18.983, 511
5, 19.009, 507
4, 19.035, 516
5, 19.060, 507
4, 19.085, 521
5, 19.110, 507
4, 19.136, 524
5, 19.162, 508
4, 19.186, 527
5, 19.212, 508
4, 19.237, 529
5, 19.263, 507
4, 19.287, 528
5, 19.313, 507
4, 19.339, 527
5, 19.364, 507
4, 19.389, 524
5, 19.414, 507
4, 19.440, 520
5, 19.466, 507
4, 19.490, 515
5, 19.516, 507
4, 19.541, 511
5, 19.567, 507
4, 19.592, 505
5, 19.617, 508
4, 19.643, 499
5, 19.668, 507
4, 19.693, 494
5, 19.719, 508
4, 19.744, 488
5, 19.770, 507
4, 19.794, 484
5, 19.820, 507
4, 19.846, 481
5, 19.871, 507
4, 19.896, 478
5, 19.921, 507
4, 19.947, 477
5, 19.973, 507
4, 19.997, 478
5, 20.023, 508
4, 20.048, 479
5, 20.074, 507
4, 20.098, 481
5, 20.124, 508
4, 20.150, 485
5, 20.175, 507
4, 20.201, 490
5, 20.225, 507
4, 20.251, 495
5, 20.277, 507
4, 20.302, 501
5, 20.327, 507
4, 20.352, 506
5, 20.378, 507
4, 20.404, 512
5, 20.428, 508
4, 20.454, 516
5, 20.479, 508
4, 20.505, 521
5, 20.530, 507
4, 20.555, 524
5, 20.581, 507
4, 20.606, 527
5, 20.631, 507
4, 20.657, 527
5, 20.682, 508
4, 20.708, 526
5, 20.732, 508
4, 20.758, 524
5, 20.784, 508
4, 20.809, 522
5, 20.834, 508
4, 20.859, 519
5, 20.885, 507
4, 20.911, 514
5, 20.935, 507
4, 20.961, 509
5, 20.986, 508
4, 21.012, 503
5, 21.036, 508
4, 21.062, 498
5, 21.088, 507
4, 21.113, 492
5, 21.138, 508
4, 21.163, 488
5, 21.189, 507
4, 21.215, 485
5, 21.239, 508
4, 21.265, 480
5, 21.290, 507
4, 21.316, 478
5, 21.341, 508
4, 21.366, 478
5, 21.392, 507
4, 21.417, 479
5, 21.442, 507
4, 21.468, 481
5, 21.493, 507
4, 21.519, 483
5, 21.543, 508
4, 21.569, 486
5, 21.595, 508
4, 21.620, 491
5, 21.645, 507
4, 21.670, 496
5, 21.696, 507
4, 21.722, 501
5, 21.746, 507
4, 21.772, 507
5, 21.797, 507
4, 21.823, 511
5, 21.847, 508
4, 21.873, 516
5, 21.899, 507
4, 21.924, 520
5, 21.949, 507
4, 21.974, 524
5, 22.000, 507
4, 22.026, 525
5, 22.050, 508
4, 22.076, 526
5, 22.101, 507
4, 22.127, 525
5, 22.152, 508
4, 22.177, 524
5, 22.203, 507
4, 22.228, 521
5, 22.253, 508
4, 22.279, 517
5, 22.304, 508
4, 22.330, 512
5, 22.354, 508
4, 22.380, 508
5, 22.406, 508
4, 22.431, 502
5, 22.456, 507
4, 22.481, 497
5, 22.507, 508
4, 22.533, 492
5, 22.557, 507
4, 22.583, 488
5, 22.608, 508
4, 22.634, 484
5, 22.658, 508
4, 22.684, 481
5, 22.710, 507
4, 22.735, 479
5, 22.760, 507
4, 22.785, 479
5, 22.811, 508
4, 22.837, 479
5, 22.861, 508
4, 22.887, 481
5, 22.912, 508
4, 22.938, 485
5, 22.963, 508
4, 22.988, 488
5, 23.014, 508
4, 23.039, 492
5, 23.064, 507
4, 23.090, 497
5, 23.115, 508
4, 23.141, 502
5, 23.166, 507
4, 23.191, 507
5, 23.217, 507
4, 23.242, 512
5, 23.268, 508
4, 23.292, 517
5, 23.318, 508
4, 23.344, 520
5, 23.369, 508
4, 23.394, 522
5, 23.419, 508
4, 23.445, 524
5, 23.471, 507
4, 23.495, 525
5, 23.521, 507
4, 23.546, 524
5, 23.572, 508
4, 23.596, 522
5, 23.622, 508
4, 23.648, 519
5, 23.673, 508
4, 23.698, 516
5, 23.723, 508
4, 23.749, 512
5, 23.775, 508
4, 23.799, 506
5, 23.825, 508
4, 23.850, 502
5, 23.876, 508
4, 23.901, 497
5, 23.926, 508
4, 23.952, 492
5, 23.977, 508
4, 24.002, 488
5, 24.028, 507
4, 24.053, 485
5, 24.079, 507
4, 24.103, 482
5, 24.129, 507
4, 24.155, 480
5, 24.180, 507
4, 24.205, 480
5, 24.230, 507
4, 24.256, 481
5, 24.282, 507
4, 24.306, 483
5, 24.332, 507
4, 24.357, 485
5, 24.383, 508
4, 24.407, 489
5, 24.433, 508
4, 24.459, 493
5, 24.484, 507
4, 24.509, 498
5, 24.534, 507
4, 24.560, 503
5, 24.586, 508
4, 24.610, 508
5, 24.636, 508
4, 24.661, 512
5, 24.687, 508
4, 24.712, 516
5, 24.737, 508
4, 24.763, 519
5, 24.788, 508
4, 24.813, 522
5, 24.839, 509
4, 24.864, 523
5, 24.890, 508
4, 24.914, 523
5, 24.940, 508
4, 24.966, 522
5, 24.991, 508
4, 25.016, 521
5, 25.041, 508
4, 25.067, 518
5, 25.093, 508
4, 25.117, 514
5, 25.143, 508
4, 25.168, 511
5, 25.194, 507
4, 25.218, 505
5, 25.244, 508
4, 25.270, 500
5, 25.295, 508
4, 25.320, 496
5, 25.345, 508
4, 25.371, 492
5, 25.397, 507
4, 25.421, 488
5, 25.447, 507
4, 25.472, 485
5, 25.498, 507
4, 25.523, 482
5, 25.548, 508
4, 25.574, 481
5, 25.599, 508
4, 25.624, 481
5, 25.650, 508
4, 25.675, 483
5, 25.701, 508
4, 25.725, 484
5, 25.751, 507
4, 25.777, 487
5, 25.802, 507
4, 25.827, 490
5, 25.852, 507
4, 25.878, 495
5, 25.904, 508
4, 25.928, 499
5, 25.954, 507
4, 25.979, 504
5, 26.005, 508
4, 26.029, 508
5, 26.055, 508
4, 26.081, 513
5, 26.106, 507
4, 26.131, 516
5, 26.156, 507
4, 26.182, 519
5, 26.208, 508
4, 26.232, 521
5, 26.258, 508
4, 26.283, 522
5, 26.309, 508
4, 26.334, 522
5, 26.359, 507
4, 26.385, 521
5, 26.410, 508
4, 26.436, 520
5, 26.461, 507
4, 26.486, 517
5, 26.512, 507
4, 26.537, 513
5, 26.562, 507
4, 26.588, 509
5, 26.613, 507
4, 26.639, 505
5, 26.663, 507
4, 26.689, 501
5, 26.715, 509
4, 26.740, 496
5, 26.765, 508
4, 26.790, 492
5, 26.816, 507
4, 26.842, 488
5, 26.866, 507
4, 26.892, 485
5, 26.917, 507
4, 26.943, 484
5, 26.967, 507
4, 26.993, 482
5, 27.019, 507
4, 27.044, 483
5, 27.069, 507
4, 27.094, 484
5, 27.120, 507
4, 27.146, 486
5, 27.170, 507
4, 27.196, 489
5, 27.221, 508
4, 27.247, 492
5, 27.272, 507
4, 27.297, 496
5, 27.323, 507
4, 27.348, 501
5, 27.373, 508
4, 27.399, 504
5, 27.424, 507
4, 27.450, 510
5, 27.474, 508
4, 27.500, 513
5, 27.526, 508
4, 27.551, 516
5, 27.576, 508
4, 27.601, 518
5, 27.627, 507
4, 27.653, 521
5, 27.677, 507
4, 27.703, 522
5, 27.728, 507
4, 27.754, 522
5, 27.778, 508
4, 27.804, 520
5, 27.830, 507
4, 27.855, 518
5, 27.880, 508
4, 27.905, 516
5, 27.931, 508
4, 27.957, 513
5, 27.981, 507
4, 28.007, 508
5, 28.032, 507
4, 28.058, 504
5, 28.083, 506
4, 28.108, 500
5, 28.134, 507
4, 28.159, 495
5, 28.184, 508
4, 28.210, 492
5, 28.235, 507
4, 28.261, 489
5, 28.285, 508
4, 28.311, 486
5, 28.337, 507
4, 28.362, 485
5, 28.387, 507
4, 28.412, 484
5, 28.438, 508
4, 28.464, 484
5, 28.488, 507
4, 28.514, 485
5, 28.539, 507
4, 28.565, 487
5, 28.589, 507
4, 28.615, 490
5, 28.641, 507
4, 28.666, 494
5, 28.691, 507
4, 28.716, 497
5, 28.742, 507
4, 28.768, 501
5, 28.792, 507
4, 28.818, 505
5, 28.843, 507
4, 28.869, 509
5, 28.894, 508
4, 28.919, 513
5, 28.945, 508
4, 28.970, 516
5, 28.995, 508
4, 29.021, 518
5, 29.046, 508
4, 29.072, 520
5, 29.096, 508
4, 29.122, 521
5, 29.148, 508
4, 29.173, 520
5, 29.198, 508
4, 29.223, 519
5, 29.249, 508
4, 29.275, 516
5, 29.299, 508
4, 29.325, 514
5, 29.350, 508
4, 29.376, 510
5, 29.400, 508
4, 29.426, 506
5, 29.452, 507
4, 29.477, 503
5, 29.503, 508
4, 29.527, 499
5, 29.553, 508
4, 29.579, 495
5, 29.604, 508
4, 29.629, 491
5, 29.654, 508
4, 29.680, 489
5, 29.706, 508
4, 29.730, 486
5, 29.756, 508
4, 29.781, 485
5, 29.807, 508
4, 29.832, 484
5, 29.857, 508
4, 29.883, 485
5, 29.908, 508
4, 29.933, 486
5, 29.959, 508
4, 29.984, 488
5, 30.010, 508
