# Created on 2026-03-19 16:53:24.454012+01:00 (1773935604.454012 s)
# baldaquin version: 0.10.2
# Creator: Pendulum View
# Time4   ADC4   Time5   ADC5
0.024   489   0.050   615
0.075   508   0.101   638
0.126   523   0.151   655
0.177   533   0.202   667
0.228   537   0.252   673
0.278   535   0.304   673
0.329   528   0.354   666
0.379   515   0.405   653
0.431   497   0.455   635
0.481   475   0.506   611
0.532   451   0.557   584
0.582   426   0.608   556
0.633   400   0.658   527
0.684   376   0.709   499
0.735   354   0.759   474
0.785   336   0.811   453
0.836   322   0.861   436
0.886   313   0.912   425
0.938   309   0.962   420
0.988   310   1.013   421
1.039   316   1.063   430
1.089   329   1.115   444
1.140   344   1.165   462
1.190   365   1.216   486
1.242   388   1.266   513
1.292   412   1.317   541
1.343   436   1.368   570
1.393   460   1.419   598
1.444   482   1.469   624
1.495   501   1.520   645
1.546   515   1.570   661
1.596   525   1.622   671
1.647   530   1.672   675
1.697   529   1.723   673
1.749   523   1.773   663
1.799   511   1.824   649
1.850   495   1.874   628
1.900   476   1.926   603
1.951   453   1.976   576
2.001   430   2.027   547
2.053   405   2.077   518
2.103   382   2.128   490
2.154   360   2.179   466
2.204   342   2.230   446
2.255   327   2.280   432
2.306   318   2.331   423
2.357   313   2.381   420
2.407   313   2.433   424
2.458   318   2.483   434
2.508   329   2.534   450
2.560   344   2.584   471
2.610   363   2.635   495
2.661   384   2.686   523
2.711   408   2.737   552
2.762   432   2.788   580
2.812   456   2.838   607
2.864   477   2.889   631
2.914   496   2.939   651
2.965   511   2.991   664
3.015   523   3.041   671
3.066   528   3.092   673
3.117   528   3.142   668
3.168   523   3.193   657
3.218   513   3.244   640
3.269   498   3.295   618
3.319   479   3.345   593
3.371   457   3.396   565
3.421   434   3.446   537
3.472   410   3.498   510
3.522   386   3.548   483
3.573   364   3.599   461
3.623   345   3.649   444
3.675   329   3.700   431
3.725   319   3.750   425
3.776   313   3.802   425
3.826   312   3.852   431
3.877   316   3.903   442
3.928   326   3.953   460
3.979   340   4.004   481
4.029   359   4.055   506
4.080   380   4.106   533
4.130   404   4.156   561
4.182   429   4.207   588
4.232   453   4.257   613
4.283   476   4.309   634
4.333   496   4.359   651
4.384   512   4.410   661
4.434   524   4.460   666
4.486   531   4.511   666
4.536   532   4.561   660
4.587   527   4.613   647
4.637   518   4.663   629
4.688   502   4.714   607
4.739   484   4.764   583
4.790   461   4.815   556
4.840   437   4.866   529
4.891   411   4.917   503
4.941   386   4.967   480
4.993   363   5.018   460
5.043   343   5.068   446
5.094   326   5.120   436
5.144   315   5.170   432
5.195   308   5.221   433
5.246   307   5.271   441
5.297   312   5.322   452
5.347   322   5.372   470
5.398   337   5.424   491
5.448   356   5.474   516
5.499   379   5.525   541
5.550   404   5.575   567
5.601   430   5.626   591
5.652   456   5.677   614
5.702   479   5.728   632
5.753   501   5.778   647
5.804   517   5.829   656
5.855   530   5.879   659
5.905   536   5.931   657
5.956   537   5.981   649
6.006   532   6.032   637
6.058   521   6.082   620
6.108   505   6.133   599
6.159   484   6.183   575
6.209   460   6.235   550
6.260   434   6.285   526
6.310   408   6.336   503
6.362   382   6.386   482
6.412   357   6.437   464
6.463   336   6.488   452
6.513   320   6.539   443
6.564   309   6.589   440
6.615   303   6.640   442
6.666   302   6.690   450
6.716   308   6.742   462
6.767   320   6.792   478
6.817   336   6.843   498
6.869   358   6.893   520
6.919   382   6.944   544
6.970   408   6.994   567
7.020   435   7.046   590
7.071   462   7.096   610
7.121   487   7.147   627
7.173   508   7.197   639
7.223   525   7.248   647
7.274   536   7.299   651
7.324   542   7.350   648
7.375   541   7.400   641
7.426   534   7.451   629
7.477   521   7.501   614
7.527   503   7.553   594
7.578   481   7.603   573
7.628   455   7.654   550
7.680   428   7.704   528
7.730   400   7.755   507
7.781   373   7.806   487
7.831   349   7.857   471
7.882   328   7.907   459
7.932   313   7.958   451
7.984   303   8.008   447
8.034   299   8.059   449
8.085   300   8.110   456
8.135   309   8.161   467
8.186   322   8.211   482
8.237   341   8.262   500
8.288   364   8.312   520
8.338   390   8.364   541
8.389   417   8.414   564
8.439   445   8.465   585
8.491   471   8.515   604
8.541   495   8.566   621
8.592   516   8.617   633
8.642   531   8.668   641
8.693   540   8.719   645
8.743   544   8.769   644
8.795   541   8.820   637
8.845   531   8.870   627
8.896   517   8.922   612
8.946   496   8.972   595
8.997   472   9.023   575
9.048   446   9.073   553
9.099   418   9.124   532
9.149   390   9.175   511
9.200   364   9.226   493
9.250   341   9.276   476
9.302   322   9.327   464
9.352   309   9.377   456
9.403   301   9.429   451
9.453   299   9.479   452
9.504   304   9.530   457
9.554   314   9.580   467
9.606   329   9.631   481
9.656   349   9.681   498
9.707   373   9.733   517
9.757   400   9.783   538
9.808   427   9.834   560
9.859   455   9.884   581
9.910   481   9.935   600
9.960   503   9.986   617
10.011   521   10.037   629
10.061   533   10.087   638
10.113   540   10.138   643
10.163   541   10.188   643
10.214   535   10.240   638
10.264   524   10.290   629
10.315   507   10.341   614
10.366   486   10.391   598
10.417   462   10.442   578
10.467   435   10.492   557
10.518   408   10.544   536
10.568   382   10.594   515
10.619   357   10.645   495
10.670   336   10.695   478
10.721   320   10.746   466
10.771   309   10.797   456
10.822   304   10.848   451
10.872   304   10.898   451
10.924   310   10.949   455
10.974   322   10.999   464
11.025   339   11.051   478
11.075   360   11.101   494
11.126   384   11.152   514
11.177   410   11.202   535
11.228   436   11.253   557
11.278   462   11.303   579
11.329   485   11.355   599
11.379   504   11.405   616
11.430   520   11.456   630
11.481   531   11.506   640
11.532   535   11.557   646
11.583   534   11.608   646
11.633   527   11.659   641
11.684   514   11.709   632
11.735   497   11.760   618
11.786   476   11.810   601
11.836   452   11.862   581
11.887   427   11.912   559
11.937   401   11.963   536
11.989   377   12.013   515
12.039   354   12.064   494
12.090   336   12.114   477
12.140   323   12.166   463
12.191   314   12.216   453
12.241   310   12.267   447
12.293   313   12.317   447
12.343   320   12.368   452
12.394   332   12.419   461
12.444   349   12.470   475
12.495   369   12.520   492
12.546   392   12.571   513
12.597   416   12.621   536
12.647   441   12.673   559
12.698   464   12.723   581
12.748   485   12.774   602
12.800   503   12.824   621
12.850   516   12.875   635
12.901   524   12.926   645
12.951   527   12.977   651
13.002   525   13.027   651
13.052   517   13.078   645
13.104   504   13.128   635
13.154   488   13.179   621
13.205   468   13.230   602
13.255   445   13.281   580
13.306   422   13.331   557
13.357   399   13.382   534
13.408   377   13.432   511
13.458   357   13.484   489
13.509   340   13.534   471
13.559   329   13.585   457
13.611   321   13.635   448
13.661   319   13.686   442
13.712   322   13.737   443
13.762   328   13.788   449
13.813   340   13.838   460
13.863   356   13.889   475
13.915   375   13.939   494
13.965   396   13.990   516
14.016   419   14.041   540
14.066   441   14.092   564
14.117   463   14.142   587
14.168   482   14.193   609
14.219   497   14.243   628
14.269   509   14.295   642
14.320   516   14.345   651
14.370   519   14.396   655
14.422   517   14.446   654
14.472   510   14.497   647
14.523   498   14.548   635
14.573   482   14.599   618
14.624   464   14.650   599
14.674   444   14.700   576
14.726   421   14.751   551
14.776   400   14.801   527
14.827   379   14.853   503
14.877   362   14.903   482
14.928   347   14.954   464
14.979   336   15.004   451
15.030   328   15.055   442
15.080   326   15.106   439
15.131   328   15.157   442
15.181   334   15.207   449
15.233   345   15.258   462
15.283   359   15.308   480
15.334   377   15.360   500
15.384   397   15.410   523
15.435   417   15.461   548
15.486   438   15.511   572
15.537   458   15.562   596
15.587   476   15.612   617
15.638   490   15.664   634
15.688   503   15.714   647
15.739   510   15.765   655
15.790   514   15.815   657
15.841   512   15.866   654
15.891   506   15.917   645
15.942   496   15.968   631
15.992   481   16.018   613
16.044   465   16.069   592
16.094   446   16.119   567
16.145   425   16.171   543
16.195   405   16.221   518
16.246   385   16.272   495
16.297   367   16.322   475
16.348   352   16.373   460
16.398   340   16.423   448
16.449   333   16.475   442
16.499   330   16.525   440
16.550   330   16.576   444
16.601   336   16.626   454
16.652   345   16.677   468
16.702   358   16.728   487
16.753   375   16.779   508
16.803   393   16.829   533
16.855   413   16.880   557
16.905   433   16.930   581
16.956   454   16.982   604
17.006   472   17.032   623
17.057   487   17.083   639
17.108   499   17.133   649
17.159   508   17.184   655
17.209   512   17.234   655
17.260   512   17.286   649
17.310   507   17.336   639
17.361   497   17.387   623
17.412   484   17.437   604
17.463   468   17.488   582
17.513   449   17.539   558
17.564   429   17.590   534
17.614   408   17.640   511
17.666   389   17.691   490
17.716   370   17.741   471
17.767   354   17.793   458
17.817   342   17.843   448
17.868   333   17.894   444
17.919   329   17.944   445
17.970   329   17.995   451
18.020   333   18.046   462
18.071   342   18.097   477
18.121   355   18.147   496
18.172   371   18.198   518
18.223   390   18.248   541
18.274   410   18.299   565
18.325   431   18.350   587
18.375   452   18.401   608
18.426   471   18.451   625
18.477   488   18.502   638
18.528   501   18.552   646
18.578   510   18.604   650
18.629   515   18.654   648
18.679   515   18.705   641
18.731   510   18.755   630
18.781   501   18.806   614
18.832   488   18.857   596
18.882   471   18.908   574
18.933   452   18.958   551
18.983   431   19.009   528
19.035   409   19.059   507
19.085   388   19.110   488
19.136   369   19.161   472
19.186   352   19.212   460
19.237   339   19.262   453
19.288   330   19.313   450
19.339   325   19.363   452
19.389   325   19.415   459
19.440   330   19.465   471
19.490   339   19.516   486
19.542   352   19.566   505
19.592   369   19.617   525
19.643   389   19.668   547
19.693   411   19.719   569
19.744   433   19.769   590
19.794   454   19.820   608
19.846   474   19.870   623
19.896   492   19.921   634
19.947   506   19.972   641
19.997   515   20.023   643
20.048   520   20.073   640
20.099   519   20.124   633
20.150   514   20.174   621
20.200   504   20.226   607
20.251   489   20.276   588
20.301   471   20.327   568
20.353   451   20.377   547
20.403   429   20.428   526
20.454   406   20.479   507
20.504   384   20.530   490
20.555   364   20.580   476
20.606   347   20.631   465
20.657   333   20.681   459
20.707   324   20.732   458
20.758   320   20.783   460
20.808   321   20.834   467
20.859   327   20.884   478
20.910   337   20.935   493
20.961   352   20.985   510
21.011   371   21.037   529
21.062   392   21.087   549
21.112   415   21.138   569
21.164   438   21.188   588
21.214   460   21.239   604
21.265   481   21.290   618
21.315   498   21.341   628
21.366   512   21.392   635
21.417   521   21.442   636
21.468   524   21.493   633
21.518   522   21.543   627
21.569   516   21.595   616
21.619   503   21.645   602
21.670   488   21.696   585
21.721   468   21.746   567
21.772   446   21.797   548
21.822   422   21.848   528
21.873   399   21.899   510
21.923   377   21.949   494
21.975   356   22.000   481
22.025   340   22.050   472
22.076   327   22.102   466
22.126   319   22.152   464
22.177   317   22.203   466
22.228   320   22.253   472
22.279   327   22.304   482
22.329   340   22.354   496
22.380   357   22.406   511
22.430   377   22.456   530
22.481   399   22.507   548
22.532   423   22.557   566
22.583   446   22.608   584
22.633   469   22.659   600
22.684   489   22.710   613
22.734   505   22.760   623
22.786   517   22.811   629
22.836   524   22.861   631
22.887   526   22.913   630
22.937   522   22.963   624
22.988   513   23.014   614
23.039   499   23.064   601
23.090   481   23.115   586
23.140   460   23.166   569
23.191   437   23.217   550
23.241   414   23.267   532
23.292   390   23.318   515
23.343   369   23.368   499
23.394   350   23.419   486
23.444   335   23.470   476
23.495   324   23.521   469
23.545   318   23.571   467
23.597   318   23.622   468
23.647   322   23.672   473
23.698   332   23.724   482
23.748   346   23.774   494
23.799   364   23.825   509
23.850   385   23.875   526
23.901   409   23.926   544
23.951   432   23.977   562
24.002   455   24.028   580
24.052   476   24.078   596
24.103   494   24.129   609
24.154   508   24.179   620
24.205   518   24.230   627
24.255   524   24.281   630
24.306   523   24.332   629
24.356   517   24.382   624
24.408   506   24.433   616
24.458   491   24.483   604
24.509   472   24.535   589
24.559   451   24.585   572
24.610   429   24.636   554
24.661   405   24.686   536
24.712   383   24.737   518
24.762   363   24.788   502
24.813   346   24.839   488
24.863   333   24.889   477
24.914   325   24.940   470
24.965   322   24.990   466
25.016   323   25.041   467
25.066   329   25.092   471
25.117   340   25.143   480
25.167   355   25.193   492
25.219   373   25.244   506
25.269   395   25.294   523
25.320   416   25.346   541
25.370   439   25.396   560
25.421   460   25.447   579
25.472   479   25.497   595
25.523   496   25.548   609
25.573   508   25.599   621
25.624   516   25.650   629
25.674   519   25.700   632
25.726   516   25.751   632
25.776   509   25.801   627
25.827   498   25.852   619
25.877   482   25.903   606
25.928   464   25.954   592
25.978   443   26.004   574
26.030   422   26.055   555
26.080   400   26.105   536
26.131   380   26.157   517
26.181   362   26.207   500
26.232   347   26.258   486
26.283   336   26.308   474
26.334   330   26.359   466
26.384   328   26.410   463
26.435   330   26.461   462
26.485   338   26.511   469
26.537   348   26.562   477
26.587   364   26.612   489
26.638   382   26.663   505
26.688   401   26.714   523
26.739   422   26.765   542
26.789   442   26.815   562
26.841   462   26.866   581
26.891   479   26.916   599
26.942   493   26.968   614
26.992   503   27.018   625
27.043   510   27.069   633
27.094   511   27.119   637
27.145   508   27.170   636
27.195   501   27.221   631
27.246   489   27.272   621
27.296   475   27.322   608
27.348   457   27.373   592
27.398   438   27.423   573
27.449   418   27.474   553
27.499   399   27.525   533
27.550   380   27.576   513
27.600   364   27.626   496
27.652   351   27.677   481
27.702   342   27.727   470
27.753   336   27.779   462
27.803   335   27.829   459
27.854   337   27.880   460
27.905   345   27.930   466
27.956   356   27.981   476
28.006   370   28.032   490
28.057   386   28.083   507
28.107   405   28.133   526
28.159   423   28.184   546
28.209   442   28.234   567
28.260   459   28.286   587
28.310   475   28.336   605
28.361   488   28.387   620
28.411   497   28.437   631
28.463   503   28.488   638
28.513   504   28.538   641
28.564   501   28.590   639
28.614   495   28.640   632
28.665   484   28.691   621
28.716   470   28.741   607
28.767   454   28.792   589
28.817   437   28.843   569
28.868   418   28.894   548
28.918   400   28.944   527
28.970   384   28.995   507
29.020   369   29.045   491
29.071   356   29.097   475
29.121   348   29.147   465
29.172   342   29.198   458
29.222   341   29.248   456
29.274   343   29.299   459
29.324   350   29.349   466
29.375   359   29.401   479
29.425   372   29.451   494
29.476   387   29.502   512
29.527   404   29.552   532
29.578   421   29.603   553
29.628   439   29.654   574
29.679   455   29.705   595
29.729   470   29.755   612
29.781   483   29.806   625
29.831   492   29.856   635
29.882   498   29.908   641
29.932   500   29.958   641
29.983   497   30.009   638
30.033   492   30.059   629
30.085   482   30.110   617
30.135   470   30.160   601
30.186   455   30.212   582
30.236   439   30.262   561
30.287   422   30.313   540
30.339   405   30.363   519
30.389   388   30.414   500
30.440   373   30.465   484
30.490   361   30.516   471
30.541   352   30.566   462
30.592   346   30.617   457
30.643   344   30.667   457
30.693   345   30.719   462
30.744   350   30.769   471
30.794   359   30.820   484
30.846   370   30.870   501
30.896   385   30.921   520
30.947   401   30.971   540
30.997   418   31.023   561
31.048   435   31.073   582
31.098   452   31.124   600
31.150   467   31.174   616
31.200   479   31.225   628
31.251   490   31.276   636
31.301   496   31.327   640
31.352   499   31.377   639
31.403   498   31.428   634
31.454   493   31.478   623
31.504   484   31.530   610
31.555   472   31.580   593
31.605   458   31.631   574
31.657   442   31.681   554
31.707   425   31.732   533
31.758   408   31.782   513
31.808   391   31.834   495
31.859   375   31.884   481
31.909   363   31.935   470
31.961   352   31.985   463
32.011   346   32.036   460
32.062   343   32.087   462
32.112   343   32.138   468
32.163   348   32.188   478
32.214   356   32.239   492
32.265   368   32.289   509
32.315   382   32.341   527
32.366   398   32.391   547
32.416   416   32.442   568
32.468   433   32.492   586
32.518   450   32.543   603
32.569   466   32.593   617
32.619   480   32.645   627
32.670   490   32.695   633
32.720   498   32.746   635
32.772   501   32.796   633
32.822   501   32.847   626
32.873   496   32.898   616
32.923   488   32.949   602
32.974   475   32.999   585
33.025   461   33.050   567
33.076   444   33.100   547
33.126   426   33.152   528
33.177   408   33.202   510
33.227   390   33.253   494
33.279   374   33.303   481
33.329   360   33.354   472
33.380   349   33.404   467
33.430   342   33.456   465
33.481   339   33.507   469
33.531   340   33.557   475
33.583   345   33.608   486
33.633   353   33.658   500
33.684   366   33.710   516
33.734   381   33.760   534
33.785   398   33.811   552
33.836   417   33.861   571
33.887   435   33.912   588
33.937   453   33.963   603
33.988   470   34.014   615
34.038   484   34.064   623
34.090   495   34.115   628
34.140   502   34.165   629
34.191   506   34.217   626
34.241   504   34.267   619
34.292   499   34.318   608
34.342   490   34.368   595
34.394   476   34.419   579
34.444   461   34.469   562
34.495   443   34.521   544
34.545   423   34.571   527
34.596   404   34.622   511
34.647   386   34.672   497
34.698   370   34.723   486
34.748   355   34.774   477
34.799   344   34.825   472
34.849   338   34.875   472
34.901   335   34.926   476
34.951   337   34.976   482
35.002   343   35.028   492
35.052   352   35.078   505
35.103   366   35.129   520
35.153   383   35.179   536
35.205   401   35.230   554
35.255   421   35.280   570
35.306   440   35.332   586
35.356   459   35.382   599
35.407   476   35.433   610
35.458   490   35.483   618
35.509   500   35.534   622
35.559   507   35.585   623
35.610   509   35.636   620
35.660   507   35.686   614
35.712   500   35.737   604
35.762   489   35.787   591
35.813   474   35.839   577
35.863   457   35.889   561
35.914   438   35.940   545
35.964   418   35.990   529
36.016   398   36.041   514
36.066   380   36.091   501
36.117   363   36.143   491
36.167   350   36.193   483
36.218   340   36.244   478
36.269   334   36.294   478
36.320   333   36.345   480
36.370   337   36.396   486
36.421   344   36.447   495
36.471   355   36.497   507
36.523   370   36.548   520
36.573   388   36.598   536
36.624   408   36.650   552
36.674   427   36.700   567
36.725   447   36.751   582
36.775   465   36.801   595
36.827   482   36.852   606
36.877   495   36.902   614
36.928   505   36.954   618
36.978   509   37.004   619
37.029   510   37.055   617
37.080   505   37.105   611
37.131   497   37.156   603
37.182   484   37.207   591
37.232   468   37.258   578
37.283   451   37.308   564
37.334   430   37.359   548
37.385   411   37.409   533
37.435   391   37.461   519
37.486   373   37.511   505
37.536   358   37.562   494
37.588   345   37.612   487
37.638   337   37.663   481
37.689   334   37.713   480
37.739   334   37.765   482
37.790   340   37.815   487
37.840   348   37.866   495
37.892   361   37.916   506
37.942   377   37.967   519
37.993   396   38.018   533
38.043   415   38.069   548
38.094   435   38.119   564
38.145   454   38.170   579
38.196   471   38.220   592
38.246   486   38.272   603
38.297   498   38.322   611
38.347   505   38.373   617
38.399   508   38.423   618
38.449   506   38.474   617
38.500   501   38.524   612
38.550   491   38.576   604
38.601   477   38.626   594
38.651   461   38.677   581
38.703   442   38.727   566
38.753   423   38.778   551
38.804   403   38.829   535
38.854   385   38.880   520
38.905   369   38.930   507
38.956   355   38.981   496
39.007   345   39.031   487
39.057   339   39.083   481
39.108   337   39.133   479
39.158   339   39.184   480
39.210   346   39.234   485
39.260   355   39.285   493
39.311   369   39.335   503
39.361   385   39.387   516
39.412   404   39.437   531
39.462   422   39.488   547
39.514   441   39.538   562
39.564   458   39.589   578
39.615   474   39.640   592
39.665   487   39.691   604
39.716   497   39.741   612
39.767   502   39.792   618
39.818   504   39.842   621
39.868   501   39.894   619
39.919   494   39.944   615
39.969   483   39.995   607
40.021   469   40.045   596
40.071   453   40.096   583
40.122   435   40.146   568
40.172   417   40.198   552
40.223   399   40.249   535
40.273   383   40.299   520
40.325   368   40.350   506
40.375   356   40.400   494
40.426   348   40.452   485
40.476   343   40.502   479
40.527   343   40.553   477
40.578   346   40.603   478
40.629   353   40.654   482
40.679   363   40.705   491
40.730   377   40.756   502
40.780   392   40.806   515
40.832   409   40.857   531
40.882   426   40.907   547
40.933   444   40.959   564
40.983   460   41.009   580
41.034   473   41.060   595
41.084   485   41.110   607
41.136   493   41.161   616
41.186   497   41.211   622
41.237   497   41.263   624
41.287   493   41.313   623
41.338   486   41.364   618
41.389   476   41.414   609
41.440   463   41.465   597
41.490   448   41.516   582
41.541   431   41.567   566
41.591   415   41.617   549
41.643   399   41.668   532
41.693   383   41.718   516
41.744   370   41.770   501
41.794   360   41.820   490
41.845   353   41.871   480
41.895   349   41.921   475
41.947   349   41.972   473
41.997   353   42.022   475
42.048   360   42.074   481
42.098   369   42.124   490
42.149   382   42.175   503
42.200   396   42.225   517
42.251   411   42.276   534
42.301   427   42.327   552
42.352   443   42.378   569
42.402   457   42.428   586
42.454   470   42.479   600
42.504   480   42.529   612
42.555   487   42.581   621
42.605   491   42.631   626
42.656   490   42.682   627
42.706   487   42.732   624
42.758   481   42.783   618
42.808   471   42.833   608
42.859   459   42.885   595
42.909   446   42.935   579
42.960   431   42.986   562
43.011   416   43.036   544
43.062   401   43.087   527
43.112   387   43.138   510
43.163   375   43.189   496
43.213   365   43.239   485
43.265   359   43.290   476
43.315   355   43.340   472
43.366   355   43.392   471
43.416   357   43.442   475
43.467   364   43.493   482
43.518   372   43.543   493
43.569   383   43.594   506
43.619   396   43.644   522
43.670   411   43.696   540
43.720   425   43.746   558
43.771   440   43.797   575
43.822   453   43.847   591
43.873   466   43.898   605
43.923   475   43.949   616
43.974   482   44.000   624
44.024   486   44.050   627
44.076   487   44.101   628
44.126   485   44.151   623
44.177   479   44.203   615
44.227   470   44.253   604
44.278   460   44.304   589
44.329   447   44.354   573
44.380   433   44.405   555
44.430   418   44.455   537
44.481   404   44.507   520
44.531   390   44.557   505
44.582   379   44.608   492
44.633   369   44.658   481
44.684   362   44.709   475
44.735   358   44.760   472
44.785   356   44.811   473
44.836   359   44.861   478
44.887   364   44.912   487
44.938   371   44.962   499
44.988   382   45.014   513
45.039   394   45.064   529
45.089   408   45.115   547
45.141   422   45.165   565
45.191   437   45.216   581
45.242   450   45.266   596
45.292   462   45.318   609
45.343   473   45.368   618
45.393   480   45.419   624
45.445   485   45.469   626
45.495   486   45.520   624
45.546   485   45.571   619
45.596   480   45.622   610
45.647   473   45.672   598
45.698   463   45.723   583
45.749   450   45.773   566
45.799   436   45.825   549
45.850   422   45.875   532
45.900   407   45.926   516
45.952   393   45.976   501
46.002   381   46.027   490
46.053   370   46.078   481
46.103   362   46.129   476
46.154   357   46.179   475
46.204   355   46.230   477
46.256   357   46.280   484
46.306   361   46.331   493
46.357   369   46.382   506
46.407   379   46.433   520
46.458   392   46.483   536
46.509   406   46.534   553
46.560   420   46.584   570
46.610   435   46.636   585
46.661   450   46.686   599
46.711   463   46.737   610
46.763   474   46.787   617
46.813   482   46.838   622
46.864   487   46.889   622
46.914   489   46.940   619
46.965   488   46.990   612
47.015   483   47.041   602
47.067   475   47.091   591
47.117   464   47.142   576
47.168   452   47.193   560
47.218   437   47.244   544
47.269   422   47.294   528
47.320   406   47.345   513
47.371   393   47.395   501
47.421   379   47.447   491
47.472   368   47.497   484
47.522   359   47.548   480
47.574   354   47.598   480
47.624   352   47.649   484
47.675   354   47.700   490
47.725   359   47.751   500
47.776   367   47.802   512
47.826   378   47.852   526
47.878   391   47.903   541
47.928   406   47.953   557
47.979   421   48.005   572
48.029   437   48.055   585
48.080   452   48.106   597
48.131   465   48.156   606
48.182   478   48.207   613
48.232   486   48.258   616
48.283   491   48.309   616
48.333   493   48.359   613
48.385   491   48.410   606
48.435   486   48.460   596
48.486   477   48.512   584
48.536   465   48.562   572
48.587   451   48.613   556
48.638   436   48.663   542
48.689   420   48.714   527
48.739   403   48.764   515
48.790   388   48.816   503
48.840   375   48.866   494
48.891   364   48.917   489
48.942   355   48.967   486
48.993   350   49.018   486
49.043   349   49.069   490
49.094   351   49.120   496
49.144   357   49.170   505
49.196   367   49.221   516
49.246   379   49.271   529
49.297   393   49.323   543
49.347   409   49.373   557
49.398   425   49.424   571
49.449   442   49.474   583
49.500   457   49.525   594
49.550   471   49.575   603
49.601   482   49.627   608
49.651   490   49.677   611
49.702   495   49.728   610
49.753   496   49.778   608
49.804   493   49.829   602
49.854   486   49.880   593
49.905   476   49.931   582
49.955   463   49.981   569
50.007   448   50.032   557
50.057   431   50.082   543
50.108   415   50.134   530
50.158   398   50.184   518
50.209   382   50.235   507
50.260   369   50.285   499
50.311   359   50.336   493
50.361   352   50.386   490
50.412   348   50.438   490
50.462   348   50.488   493
50.513   352   50.539   499
50.564   359   50.589   507
50.615   369   50.640   518
50.665   383   50.691   529
50.716   398   50.742   542
50.766   415   50.792   555
50.818   432   50.843   568
50.868   448   50.893   580
50.919   463   50.945   590
50.969   476   50.995   598
51.020   486   51.046   605
51.071   492   51.096   608
51.122   496   51.147   608
51.172   495   51.198   605
51.223   491   51.249   600
51.273   482   51.299   593
51.324   471   51.350   583
51.375   457   51.400   571
51.426   441   51.451   558
51.477   425   51.502   546
51.527   408   51.553   533
51.578   392   51.603   521
51.629   377   51.654   511
51.680   365   51.704   502
51.730   355   51.756   496
51.781   350   51.806   493
51.831   348   51.857   492
51.883   350   51.907   494
51.933   355   51.958   499
51.984   364   52.009   507
52.034   376   52.060   516
52.085   389   52.110   527
52.135   405   52.161   539
52.187   421   52.211   552
52.237   438   52.262   565
52.288   454   52.313   577
52.338   468   52.364   588
52.389   479   52.414   596
52.440   488   52.465   603
52.491   493   52.515   606
52.541   494   52.567   608
52.592   492   52.617   606
52.642   486   52.668   601
52.694   477   52.718   594
52.744   465   52.769   585
52.795   451   52.820   573
52.845   435   52.871   561
52.896   419   52.921   548
52.946   402   52.972   535
52.998   387   53.022   523
53.048   374   53.073   512
53.099   364   53.124   503
53.149   356   53.175   496
53.200   352   53.225   492
53.251   351   53.276   491
53.302   354   53.326   493
53.352   361   53.378   498
53.403   370   53.428   505
53.453   382   53.479   514
53.505   396   53.529   525
53.555   412   53.580   537
53.606   427   53.631   550
53.656   443   53.682   564
53.707   457   53.732   576
53.758   470   53.783   588
53.809   479   53.833   597
53.859   486   53.884   604
53.910   490   53.935   608
53.960   490   53.986   610
54.011   487   54.036   608
54.062   480   54.087   603
54.113   470   54.137   597
54.163   458   54.189   586
54.214   444   54.239   574
54.264   429   54.290   562
54.316   414   54.340   548
54.366   399   54.391   535
54.417   385   54.442   522
54.467   374   54.493   511
54.518   365   54.544   501
54.569   359   54.594   494
54.620   356   54.645   489
54.670   356   54.695   488
54.721   360   54.747   490
54.771   367   54.797   495
54.822   377   54.848   502
54.873   389   54.898   513
54.924   402   54.949   524
54.974   416   55.000   538
55.025   431   55.051   552
55.075   445   55.101   566
55.127   457   55.152   579
55.177   468   55.202   591
55.228   477   55.254   600
55.278   482   55.304   607
55.329   484   55.355   612
55.380   484   55.405   613
55.431   480   55.456   611
55.481   473   55.506   605
55.532   464   55.558   597
55.582   453   55.608   587
55.633   440   55.659   574
55.684   426   55.709   560
55.735   412   55.760   546
55.785   399   55.811   531
55.836   387   55.862   519
55.886   377   55.912   507
55.938   369   55.963   497
55.988   364   56.013   490
56.039   362   56.065   486
56.089   363   56.115   486
56.140   366   56.166   488
56.191   373   56.216   494
56.242   381   56.267   503
56.292   392   56.318   514
56.343   404   56.369   527
56.393   417   56.419   541
56.444   431   56.470   555
56.495   443   56.520   571
56.546   455   56.571   584
56.596   464   56.622   596
56.647   472   56.673   605
56.697   477   56.723   611
56.749   479   56.774   615
56.799   479   56.824   615
56.850   476   56.876   612
56.900   469   56.926   606
56.951   461   56.977   596
57.002   450   57.027   584
57.053   439   57.078   571
57.103   426   57.129   556
57.154   414   57.180   541
57.204   402   57.230   527
57.255   391   57.281   513
57.306   381   57.331   502
57.357   373   57.382   493
57.407   369   57.433   487
57.458   367   57.484   484
57.508   367   57.534   485
57.560   370   57.585   488
57.610   376   57.635   496
57.661   383   57.687   506
57.711   393   57.737   517
57.762   404   57.788   531
57.813   416   57.838   546
57.864   429   57.889   561
57.914   440   57.940   575
57.965   451   57.991   588
58.015   461   58.041   600
58.066   468   58.092   608
58.117   474   58.142   614
58.168   476   58.193   616
58.218   476   58.244   614
58.269   473   58.295   610
58.319   468   58.345   602
58.371   461   58.396   592
58.421   451   58.446   579
58.472   440   58.498   565
58.522   429   58.548   550
58.573   417   58.599   536
58.624   405   58.649   522
58.675   394   58.700   508
58.725   385   58.751   498
58.776   377   58.802   491
58.826   371   58.852   486
58.878   369   58.903   484
58.928   368   58.953   487
58.979   371   59.004   492
59.029   375   59.055   500
59.080   383   59.106   511
59.130   391   59.156   524
59.182   402   59.207   537
59.232   413   59.257   552
59.283   426   59.309   567
59.333   438   59.359   580
59.384   448   59.410   592
59.435   458   59.460   602
59.486   466   59.511   609
59.536   472   59.562   613
59.587   475   59.613   614
59.637   476   59.663   611
59.689   474   59.714   606
59.739   469   59.764   597
59.790   463   59.815   586
59.840   453   59.866   573
59.891   443   59.917   559
59.941   431   59.967   545
59.993   419   60.018   531
60.043   407   60.068   518
60.094   395   60.120   507
60.144   386   60.170   498
60.195   377   60.221   491
60.246   371   60.271   488
60.297   368   60.322   488
60.347   367   60.373   491
60.398   369   60.424   497
60.448   374   60.474   506
60.500   380   60.525   517
