# Created on 2026-03-12 15:49:15.136306+01:00 (1773326955.136306 s)
# baldaquin version: 0.10.0
# Creator: Pendulum View
# Pin number, Time [s], Position [a. u.]
4, 0.025, 535
5, 0.051, 507
4, 0.076, 536
5, 0.101, 507
4, 0.127, 535
5, 0.152, 506
4, 0.178, 535
5, 0.202, 507
4, 0.228, 535
5, 0.254, 507
4, 0.279, 535
5, 0.304, 507
4, 0.329, 535
5, 0.355, 507
4, 0.381, 535
5, 0.405, 507
4, 0.431, 535
5, 0.456, 507
4, 0.482, 535
5, 0.507, 507
4, 0.532, 535
5, 0.558, 507
4, 0.583, 535
5, 0.608, 507
4, 0.633, 535
5, 0.659, 507
4, 0.685, 535
5, 0.709, 506
4, 0.735, 536
5, 0.760, 506
4, 0.786, 535
5, 0.811, 507
4, 0.836, 535
5, 0.862, 507
4, 0.887, 535
5, 0.912, 507
4, 0.938, 536
5, 0.963, 506
4, 0.989, 536
5, 1.013, 507
4, 1.039, 535
5, 1.065, 506
4, 1.090, 535
5, 1.115, 506
4, 1.140, 536
5, 1.166, 506
4, 1.192, 535
5, 1.216, 506
4, 1.242, 535
5, 1.267, 507
4, 1.293, 536
5, 1.318, 507
4, 1.343, 535
5, 1.369, 507
4, 1.394, 535
5, 1.419, 506
4, 1.445, 534
5, 1.470, 506
4, 1.496, 530
5, 1.520, 507
4, 1.546, 525
5, 1.571, 507
4, 1.597, 517
5, 1.622, 506
4, 1.647, 507
5, 1.673, 507
4, 1.698, 497
5, 1.723, 507
4, 1.749, 487
5, 1.774, 507
4, 1.800, 475
5, 1.824, 507
4, 1.850, 466
5, 1.876, 507
4, 1.901, 457
5, 1.926, 507
4, 1.951, 449
5, 1.977, 507
4, 2.003, 444
5, 2.027, 507
4, 2.053, 440
5, 2.078, 507
4, 2.104, 439
5, 2.129, 506
4, 2.154, 440
5, 2.180, 507
4, 2.205, 444
5, 2.230, 506
4, 2.256, 450
5, 2.281, 507
4, 2.307, 458
5, 2.331, 507
4, 2.357, 467
5, 2.382, 507
4, 2.408, 476
5, 2.433, 507
4, 2.458, 487
5, 2.484, 507
4, 2.509, 497
5, 2.534, 507
4, 2.560, 507
5, 2.585, 507
4, 2.611, 515
5, 2.635, 507
4, 2.661, 522
5, 2.687, 507
4, 2.712, 527
5, 2.737, 507
4, 2.762, 531
5, 2.788, 507
4, 2.814, 532
5, 2.838, 507
4, 2.864, 530
5, 2.889, 507
4, 2.915, 526
5, 2.940, 507
4, 2.965, 521
5, 2.991, 507
4, 3.016, 514
5, 3.041, 507
4, 3.067, 505
5, 3.092, 507
4, 3.118, 496
5, 3.142, 507
4, 3.168, 486
5, 3.193, 507
4, 3.219, 475
5, 3.244, 507
4, 3.269, 466
5, 3.295, 507
4, 3.320, 458
5, 3.345, 507
4, 3.371, 451
5, 3.396, 507
4, 3.422, 446
5, 3.446, 507
4, 3.472, 443
5, 3.498, 507
4, 3.523, 442
5, 3.548, 507
4, 3.573, 443
5, 3.599, 507
4, 3.625, 447
5, 3.649, 507
4, 3.675, 452
5, 3.700, 507
4, 3.726, 459
5, 3.751, 506
4, 3.776, 468
5, 3.802, 507
4, 3.827, 477
5, 3.852, 507
4, 3.878, 487
5, 3.903, 507
4, 3.929, 496
5, 3.954, 507
4, 3.979, 507
5, 4.005, 507
4, 4.030, 514
5, 4.056, 507
4, 4.080, 521
5, 4.106, 507
4, 4.131, 526
5, 4.157, 507
4, 4.182, 529
5, 4.207, 507
4, 4.233, 531
5, 4.258, 507
4, 4.283, 530
5, 4.309, 507
4, 4.334, 526
5, 4.360, 507
4, 4.384, 522
5, 4.410, 507
4, 4.436, 513
5, 4.461, 507
4, 4.486, 504
5, 4.511, 506
4, 4.537, 496
5, 4.563, 507
4, 4.587, 485
5, 4.613, 507
4, 4.638, 475
5, 4.664, 508
4, 4.689, 466
5, 4.714, 506
4, 4.740, 458
5, 4.765, 506
4, 4.790, 452
5, 4.816, 507
4, 4.841, 447
5, 4.867, 506
4, 4.891, 444
5, 4.917, 507
4, 4.942, 444
5, 4.968, 505
4, 4.993, 446
5, 5.018, 506
4, 5.044, 450
5, 5.069, 506
4, 5.094, 455
5, 5.120, 506
4, 5.145, 462
5, 5.171, 507
4, 5.195, 470
5, 5.221, 507
4, 5.247, 479
5, 5.272, 506
4, 5.297, 489
5, 5.322, 506
4, 5.348, 498
5, 5.374, 506
4, 5.398, 507
5, 5.424, 506
4, 5.449, 515
5, 5.475, 506
4, 5.500, 521
5, 5.525, 507
4, 5.551, 526
5, 5.576, 507
4, 5.601, 528
5, 5.627, 507
4, 5.652, 529
5, 5.678, 507
4, 5.702, 527
5, 5.728, 507
4, 5.753, 524
5, 5.779, 507
4, 5.804, 519
5, 5.829, 506
4, 5.855, 512
5, 5.880, 507
4, 5.905, 503
5, 5.931, 507
4, 5.956, 494
5, 5.982, 507
4, 6.006, 485
5, 6.032, 506
4, 6.058, 477
5, 6.083, 507
4, 6.108, 467
5, 6.133, 507
4, 6.159, 460
5, 6.185, 507
4, 6.209, 453
5, 6.235, 507
4, 6.260, 449
5, 6.286, 507
4, 6.311, 446
5, 6.336, 506
4, 6.362, 445
5, 6.387, 506
4, 6.412, 447
5, 6.438, 507
4, 6.463, 450
5, 6.489, 507
4, 6.513, 456
5, 6.539, 507
4, 6.565, 463
5, 6.590, 507
4, 6.615, 471
5, 6.640, 507
4, 6.666, 480
5, 6.691, 508
4, 6.716, 489
5, 6.742, 507
4, 6.767, 497
5, 6.793, 507
4, 6.817, 506
5, 6.843, 507
4, 6.869, 513
5, 6.894, 506
4, 6.919, 520
5, 6.944, 506
4, 6.970, 524
5, 6.996, 508
4, 7.020, 527
5, 7.046, 507
4, 7.071, 527
5, 7.097, 506
4, 7.122, 526
5, 7.147, 506
4, 7.173, 523
5, 7.198, 506
4, 7.223, 517
5, 7.249, 506
4, 7.274, 511
5, 7.300, 506
4, 7.324, 502
5, 7.350, 506
4, 7.376, 494
5, 7.401, 507
4, 7.426, 485
5, 7.451, 507
4, 7.477, 476
5, 7.502, 507
4, 7.527, 468
5, 7.553, 506
4, 7.578, 461
5, 7.604, 507
4, 7.628, 455
5, 7.654, 507
4, 7.680, 450
5, 7.705, 507
4, 7.730, 448
5, 7.755, 507
4, 7.781, 447
5, 7.807, 507
4, 7.831, 449
5, 7.857, 507
4, 7.882, 453
5, 7.908, 507
4, 7.933, 458
5, 7.958, 507
4, 7.984, 464
5, 8.009, 507
4, 8.034, 472
5, 8.060, 507
4, 8.085, 481
5, 8.111, 507
4, 8.135, 489
5, 8.161, 507
4, 8.187, 497
5, 8.212, 507
4, 8.237, 506
5, 8.262, 507
4, 8.288, 513
5, 8.313, 507
4, 8.338, 518
5, 8.364, 507
4, 8.389, 522
5, 8.415, 507
4, 8.439, 525
5, 8.465, 506
4, 8.491, 526
5, 8.516, 507
4, 8.541, 523
5, 8.566, 507
4, 8.592, 520
5, 8.618, 507
4, 8.642, 516
5, 8.668, 507
4, 8.693, 509
5, 8.719, 507
4, 8.744, 502
5, 8.769, 506
4, 8.795, 492
5, 8.820, 507
4, 8.845, 484
5, 8.871, 506
4, 8.896, 477
5, 8.922, 506
4, 8.946, 469
5, 8.972, 506
4, 8.998, 462
5, 9.023, 506
4, 9.048, 456
5, 9.073, 507
4, 9.099, 452
5, 9.125, 507
4, 9.149, 451
5, 9.175, 507
4, 9.200, 450
5, 9.226, 506
4, 9.250, 451
5, 9.276, 507
4, 9.302, 455
5, 9.327, 507
4, 9.352, 459
5, 9.377, 506
4, 9.403, 466
5, 9.429, 506
4, 9.453, 474
5, 9.479, 506
4, 9.504, 481
5, 9.530, 507
4, 9.555, 489
5, 9.580, 507
4, 9.606, 498
5, 9.631, 507
4, 9.656, 506
5, 9.682, 507
4, 9.707, 512
5, 9.733, 507
4, 9.757, 518
5, 9.783, 507
4, 9.809, 522
5, 9.834, 507
4, 9.859, 523
5, 9.884, 508
4, 9.910, 524
5, 9.936, 507
4, 9.960, 522
5, 9.986, 507
4, 10.011, 518
5, 10.037, 507
4, 10.061, 514
5, 10.087, 507
4, 10.113, 507
5, 10.138, 507
4, 10.163, 500
5, 10.188, 507
4, 10.214, 493
5, 10.240, 507
4, 10.264, 483
5, 10.290, 507
4, 10.315, 476
5, 10.341, 507
4, 10.366, 468
5, 10.391, 507
4, 10.417, 462
5, 10.442, 507
4, 10.467, 457
5, 10.493, 507
4, 10.518, 453
5, 10.544, 507
4, 10.568, 451
5, 10.594, 506
4, 10.620, 451
5, 10.645, 507
4, 10.670, 453
5, 10.695, 507
4, 10.721, 456
5, 10.747, 507
4, 10.771, 461
5, 10.797, 507
4, 10.822, 468
5, 10.848, 507
4, 10.872, 474
5, 10.898, 507
4, 10.924, 482
5, 10.949, 507
4, 10.974, 491
5, 10.999, 507
4, 11.025, 498
5, 11.051, 507
4, 11.075, 505
5, 11.101, 507
4, 11.126, 511
5, 11.152, 507
4, 11.177, 517
5, 11.202, 507
4, 11.228, 520
5, 11.253, 507
4, 11.278, 522
5, 11.304, 507
4, 11.329, 522
5, 11.355, 507
4, 11.379, 521
5, 11.405, 506
4, 11.431, 517
5, 11.456, 507
4, 11.481, 512
5, 11.506, 507
4, 11.532, 506
5, 11.558, 507
4, 11.582, 499
5, 11.608, 507
4, 11.633, 491
5, 11.659, 507
4, 11.683, 484
5, 11.709, 507
4, 11.735, 477
5, 11.760, 507
4, 11.786, 469
5, 11.810, 507
4, 11.836, 463
5, 11.862, 507
4, 11.887, 458
5, 11.912, 507
4, 11.937, 455
5, 11.963, 507
4, 11.989, 453
5, 12.013, 507
4, 12.039, 453
5, 12.064, 507
4, 12.090, 455
5, 12.115, 507
4, 12.140, 458
5, 12.166, 507
4, 12.191, 463
5, 12.216, 507
4, 12.242, 469
5, 12.267, 507
4, 12.293, 476
5, 12.317, 506
4, 12.343, 484
5, 12.369, 506
4, 12.394, 491
5, 12.419, 507
4, 12.444, 498
5, 12.470, 507
4, 12.496, 505
5, 12.520, 506
4, 12.546, 511
5, 12.571, 507
4, 12.597, 516
5, 12.621, 507
4, 12.647, 519
5, 12.673, 507
4, 12.698, 520
5, 12.723, 507
4, 12.748, 520
5, 12.774, 507
4, 12.800, 519
5, 12.824, 506
4, 12.850, 516
5, 12.875, 507
4, 12.901, 511
5, 12.926, 507
4, 12.951, 505
5, 12.977, 506
4, 13.002, 498
5, 13.027, 507
4, 13.053, 491
5, 13.078, 506
4, 13.104, 484
5, 13.128, 507
4, 13.154, 477
5, 13.180, 506
4, 13.205, 470
5, 13.230, 506
4, 13.255, 464
5, 13.281, 506
4, 13.307, 459
5, 13.331, 506
4, 13.357, 457
5, 13.382, 507
4, 13.408, 455
5, 13.432, 506
4, 13.458, 455
5, 13.484, 507
4, 13.509, 457
5, 13.534, 506
4, 13.559, 460
5, 13.585, 507
4, 13.611, 464
5, 13.635, 507
4, 13.661, 471
5, 13.686, 506
4, 13.712, 478
5, 13.737, 506
4, 13.762, 484
5, 13.788, 506
4, 13.813, 491
5, 13.838, 507
4, 13.864, 498
5, 13.889, 506
4, 13.915, 505
5, 13.939, 506
4, 13.965, 511
5, 13.991, 507
4, 14.016, 516
5, 14.041, 506
4, 14.066, 518
5, 14.092, 507
4, 14.118, 520
5, 14.142, 507
4, 14.168, 520
5, 14.193, 507
4, 14.219, 518
5, 14.243, 506
4, 14.269, 514
5, 14.295, 507
4, 14.320, 509
5, 14.345, 507
4, 14.370, 504
5, 14.396, 507
4, 14.422, 498
5, 14.446, 507
4, 14.472, 490
5, 14.497, 507
4, 14.523, 483
5, 14.548, 507
4, 14.573, 476
5, 14.599, 507
4, 14.624, 470
5, 14.649, 507
4, 14.675, 464
5, 14.700, 507
4, 14.726, 461
5, 14.751, 507
4, 14.776, 457
5, 14.802, 507
4, 14.827, 456
5, 14.853, 506
4, 14.877, 457
5, 14.903, 507
4, 14.929, 459
5, 14.954, 507
4, 14.979, 462
5, 15.004, 507
4, 15.030, 466
5, 15.056, 507
4, 15.080, 471
5, 15.106, 506
4, 15.131, 478
5, 15.157, 507
4, 15.181, 485
5, 15.207, 506
4, 15.233, 492
5, 15.258, 506
4, 15.283, 499
5, 15.308, 507
4, 15.334, 505
5, 15.360, 507
4, 15.384, 511
5, 15.410, 507
4, 15.435, 513
5, 15.461, 507
4, 15.486, 517
5, 15.511, 508
4, 15.537, 518
5, 15.562, 507
4, 15.587, 518
5, 15.613, 508
4, 15.638, 516
5, 15.664, 507
4, 15.688, 513
5, 15.714, 507
4, 15.740, 508
5, 15.765, 507
4, 15.790, 503
5, 15.815, 507
4, 15.841, 496
5, 15.867, 507
4, 15.891, 489
5, 15.917, 507
4, 15.942, 483
5, 15.968, 507
4, 15.992, 476
5, 16.018, 507
4, 16.044, 470
5, 16.069, 507
4, 16.094, 465
5, 16.119, 507
4, 16.145, 461
5, 16.171, 507
4, 16.195, 459
5, 16.221, 507
4, 16.246, 457
5, 16.272, 507
4, 16.297, 457
5, 16.322, 507
4, 16.348, 459
5, 16.373, 507
4, 16.398, 463
5, 16.424, 506
4, 16.449, 468
5, 16.475, 506
4, 16.499, 473
5, 16.525, 506
4, 16.551, 479
5, 16.576, 507
4, 16.601, 486
5, 16.626, 506
4, 16.652, 492
5, 16.678, 506
4, 16.702, 499
5, 16.728, 506
4, 16.753, 505
5, 16.779, 507
4, 16.803, 509
5, 16.829, 507
4, 16.855, 513
5, 16.880, 507
4, 16.905, 516
5, 16.930, 507
4, 16.956, 517
5, 16.982, 507
4, 17.006, 517
5, 17.032, 507
4, 17.057, 515
5, 17.083, 506
4, 17.108, 512
5, 17.133, 507
4, 17.159, 508
5, 17.184, 507
4, 17.209, 502
5, 17.235, 507
4, 17.260, 496
5, 17.286, 506
4, 17.310, 490
5, 17.336, 506
4, 17.362, 483
5, 17.387, 506
4, 17.412, 477
5, 17.437, 506
4, 17.463, 471
5, 17.489, 507
4, 17.513, 467
5, 17.539, 507
4, 17.564, 462
5, 17.590, 507
4, 17.614, 460
5, 17.640, 507
4, 17.666, 459
5, 17.691, 506
4, 17.716, 459
5, 17.741, 506
4, 17.767, 461
5, 17.793, 507
4, 17.817, 464
5, 17.843, 507
4, 17.868, 468
5, 17.894, 507
4, 17.919, 474
5, 17.944, 506
4, 17.970, 480
5, 17.995, 507
4, 18.021, 487
5, 18.046, 506
4, 18.071, 492
5, 18.097, 507
4, 18.122, 498
5, 18.147, 506
4, 18.173, 504
5, 18.198, 507
4, 18.224, 509
5, 18.248, 506
4, 18.274, 513
5, 18.300, 506
4, 18.325, 515
5, 18.350, 507
4, 18.375, 515
5, 18.401, 507
4, 18.427, 515
5, 18.451, 507
4, 18.477, 514
5, 18.502, 507
4, 18.528, 510
5, 18.552, 507
4, 18.578, 506
5, 18.604, 506
4, 18.629, 501
5, 18.654, 506
4, 18.679, 495
5, 18.705, 507
4, 18.731, 489
5, 18.755, 507
4, 18.781, 483
5, 18.806, 506
4, 18.832, 477
5, 18.857, 507
4, 18.882, 471
5, 18.908, 507
4, 18.933, 467
5, 18.958, 507
4, 18.984, 463
5, 19.009, 506
4, 19.035, 461
5, 19.059, 507
4, 19.085, 460
5, 19.111, 507
4, 19.136, 461
5, 19.161, 507
4, 19.186, 463
5, 19.212, 508
4, 19.238, 465
5, 19.262, 507
4, 19.288, 470
5, 19.313, 507
4, 19.339, 475
5, 19.363, 506
4, 19.389, 481
5, 19.415, 507
4, 19.440, 486
5, 19.465, 507
4, 19.490, 492
5, 19.516, 507
4, 19.542, 498
5, 19.566, 507
4, 19.592, 503
5, 19.617, 507
4, 19.643, 508
5, 19.668, 507
4, 19.693, 511
5, 19.719, 507
4, 19.744, 513
5, 19.769, 507
4, 19.795, 514
5, 19.820, 507
4, 19.846, 513
5, 19.870, 508
4, 19.896, 511
5, 19.922, 507
4, 19.947, 509
5, 19.972, 507
4, 19.997, 504
5, 20.023, 507
4, 20.049, 499
5, 20.073, 507
4, 20.099, 494
5, 20.124, 508
4, 20.150, 488
5, 20.174, 507
4, 20.200, 482
5, 20.226, 507
4, 20.251, 476
5, 20.276, 507
4, 20.301, 471
5, 20.327, 507
4, 20.353, 467
5, 20.377, 506
4, 20.403, 464
5, 20.428, 507
4, 20.454, 462
5, 20.479, 507
4, 20.504, 461
5, 20.530, 507
4, 20.555, 462
5, 20.580, 507
4, 20.606, 464
5, 20.631, 507
4, 20.657, 467
5, 20.681, 507
4, 20.707, 472
5, 20.733, 507
4, 20.758, 476
5, 20.783, 507
4, 20.808, 481
5, 20.834, 507
4, 20.860, 487
5, 20.884, 507
4, 20.910, 492
5, 20.935, 507
4, 20.961, 498
5, 20.985, 507
4, 21.011, 503
5, 21.037, 507
4, 21.062, 507
5, 21.088, 508
4, 21.112, 510
5, 21.138, 507
4, 21.164, 512
5, 21.189, 508
4, 21.214, 513
5, 21.239, 507
4, 21.265, 512
5, 21.291, 507
4, 21.315, 510
5, 21.341, 507
4, 21.366, 507
5, 21.392, 507
4, 21.417, 503
5, 21.442, 507
4, 21.468, 498
5, 21.493, 507
4, 21.518, 493
5, 21.544, 507
4, 21.569, 488
5, 21.595, 507
4, 21.619, 482
5, 21.645, 507
4, 21.671, 477
5, 21.696, 507
4, 21.721, 472
5, 21.746, 507
4, 21.772, 469
5, 21.798, 507
4, 21.822, 465
5, 21.848, 507
4, 21.873, 463
5, 21.899, 507
4, 21.923, 463
5, 21.949, 507
4, 21.975, 464
5, 22.000, 507
4, 22.025, 466
5, 22.050, 507
4, 22.076, 469
5, 22.102, 507
4, 22.126, 472
5, 22.152, 507
4, 22.177, 477
5, 22.203, 506
4, 22.228, 482
5, 22.253, 507
4, 22.279, 488
5, 22.304, 507
4, 22.329, 493
5, 22.355, 507
4, 22.380, 498
5, 22.406, 507
4, 22.430, 503
5, 22.456, 506
4, 22.482, 507
5, 22.507, 507
4, 22.532, 510
5, 22.557, 507
4, 22.583, 511
5, 22.609, 507
4, 22.633, 512
5, 22.659, 506
4, 22.684, 512
5, 22.710, 507
4, 22.734, 509
5, 22.760, 508
4, 22.786, 506
5, 22.811, 507
4, 22.836, 502
5, 22.861, 507
4, 22.887, 497
5, 22.913, 506
4, 22.937, 492
5, 22.963, 506
4, 22.988, 488
5, 23.014, 507
4, 23.039, 482
5, 23.064, 507
4, 23.090, 477
5, 23.115, 507
4, 23.140, 472
5, 23.166, 507
4, 23.191, 469
5, 23.217, 507
4, 23.241, 466
5, 23.267, 506
4, 23.293, 464
5, 23.318, 507
4, 23.343, 464
5, 23.368, 507
4, 23.394, 465
5, 23.420, 507
4, 23.444, 467
5, 23.470, 507
4, 23.495, 470
5, 23.521, 507
4, 23.545, 474
5, 23.571, 507
4, 23.597, 478
5, 23.622, 507
4, 23.647, 482
5, 23.672, 507
4, 23.698, 488
5, 23.724, 507
4, 23.748, 493
5, 23.774, 506
4, 23.799, 498
5, 23.825, 507
4, 23.850, 502
5, 23.875, 507
4, 23.901, 507
5, 23.926, 507
4, 23.951, 509
5, 23.977, 506
4, 24.002, 511
5, 24.028, 506
4, 24.052, 511
5, 24.078, 507
4, 24.104, 510
5, 24.129, 507
4, 24.154, 508
5, 24.179, 506
4, 24.205, 505
5, 24.231, 507
4, 24.255, 501
5, 24.281, 506
4, 24.306, 497
5, 24.332, 507
4, 24.357, 492
5, 24.382, 507
4, 24.408, 487
5, 24.433, 507
4, 24.458, 482
5, 24.483, 506
4, 24.509, 478
5, 24.535, 506
4, 24.559, 473
5, 24.585, 507
4, 24.610, 469
5, 24.636, 507
4, 24.661, 467
5, 24.686, 507
4, 24.712, 466
5, 24.737, 506
4, 24.762, 465
5, 24.788, 506
4, 24.813, 467
5, 24.839, 507
4, 24.863, 468
5, 24.889, 506
4, 24.915, 471
5, 24.940, 506
4, 24.965, 475
5, 24.990, 507
4, 25.016, 479
5, 25.042, 507
4, 25.066, 484
5, 25.092, 507
4, 25.117, 489
5, 25.143, 507
4, 25.168, 494
5, 25.193, 507
4, 25.219, 498
5, 25.244, 507
4, 25.269, 502
5, 25.294, 507
4, 25.320, 506
5, 25.346, 507
4, 25.370, 506
5, 25.396, 507
4, 25.421, 509
5, 25.447, 506
4, 25.472, 510
5, 25.497, 507
4, 25.523, 509
5, 25.548, 507
4, 25.574, 507
5, 25.599, 508
4, 25.624, 504
5, 25.650, 507
4, 25.675, 500
5, 25.700, 507
4, 25.726, 497
5, 25.751, 507
4, 25.777, 492
5, 25.801, 507
4, 25.827, 487
5, 25.853, 507
4, 25.878, 482
5, 25.903, 507
4, 25.928, 478
5, 25.954, 507
4, 25.980, 474
5, 26.004, 506
4, 26.030, 470
5, 26.055, 506
4, 26.081, 468
5, 26.105, 506
4, 26.131, 467
5, 26.157, 507
4, 26.182, 466
5, 26.207, 506
4, 26.232, 467
5, 26.258, 507
4, 26.284, 469
5, 26.308, 506
4, 26.334, 472
5, 26.359, 507
4, 26.385, 476
5, 26.410, 507
4, 26.435, 480
5, 26.461, 507
4, 26.486, 485
5, 26.511, 507
4, 26.537, 490
5, 26.562, 507
4, 26.588, 494
5, 26.612, 506
4, 26.638, 498
5, 26.664, 507
4, 26.689, 502
5, 26.714, 507
4, 26.739, 505
5, 26.765, 507
4, 26.791, 507
5, 26.815, 507
4, 26.841, 509
5, 26.866, 508
4, 26.892, 509
5, 26.917, 506
4, 26.942, 508
5, 26.968, 507
4, 26.993, 504
5, 27.018, 508
4, 27.043, 503
5, 27.069, 507
4, 27.095, 500
5, 27.119, 507
4, 27.145, 495
5, 27.170, 507
4, 27.196, 491
5, 27.221, 507
4, 27.246, 486
5, 27.272, 507
4, 27.297, 481
5, 27.322, 507
4, 27.348, 478
5, 27.373, 507
4, 27.399, 474
5, 27.423, 507
4, 27.449, 471
5, 27.475, 507
4, 27.500, 468
5, 27.525, 507
4, 27.550, 468
5, 27.576, 507
4, 27.602, 468
5, 27.626, 507
4, 27.652, 468
5, 27.677, 507
4, 27.703, 471
5, 27.728, 507
4, 27.753, 473
5, 27.779, 507
4, 27.804, 476
5, 27.829, 507
4, 27.854, 481
5, 27.880, 507
4, 27.906, 485
5, 27.930, 507
4, 27.956, 489
5, 27.981, 507
4, 28.007, 494
5, 28.032, 507
4, 28.057, 497
5, 28.083, 507
4, 28.108, 502
5, 28.133, 507
4, 28.159, 504
5, 28.184, 507
4, 28.210, 506
5, 28.234, 507
4, 28.260, 507
5, 28.286, 507
4, 28.311, 507
5, 28.336, 508
4, 28.361, 506
5, 28.387, 507
4, 28.413, 504
5, 28.437, 507
4, 28.463, 501
5, 28.488, 508
4, 28.514, 498
5, 28.539, 508
4, 28.564, 494
5, 28.590, 508
4, 28.615, 490
5, 28.641, 507
4, 28.665, 486
5, 28.691, 507
4, 28.717, 482
5, 28.742, 507
4, 28.767, 478
5, 28.792, 507
4, 28.818, 474
5, 28.844, 507
4, 28.868, 472
5, 28.894, 507
4, 28.919, 470
5, 28.945, 507
4, 28.970, 469
5, 28.995, 507
4, 29.021, 469
5, 29.046, 507
4, 29.071, 470
5, 29.097, 507
4, 29.122, 471
5, 29.148, 507
4, 29.172, 475
5, 29.198, 506
4, 29.224, 478
5, 29.249, 507
4, 29.274, 481
5, 29.299, 507
4, 29.325, 486
5, 29.351, 506
4, 29.375, 490
5, 29.401, 507
4, 29.426, 494
5, 29.452, 507
4, 29.477, 498
5, 29.502, 506
4, 29.528, 501
5, 29.553, 507
4, 29.578, 504
5, 29.603, 507
4, 29.629, 506
5, 29.655, 507
4, 29.679, 507
5, 29.705, 507
4, 29.730, 507
5, 29.756, 506
4, 29.781, 505
5, 29.806, 507
4, 29.832, 504
5, 29.857, 507
4, 29.882, 501
5, 29.908, 507
4, 29.933, 498
5, 29.959, 507
4, 29.983, 494
5, 30.009, 506
4, 30.035, 490
5, 30.060, 507
4, 30.085, 486
5, 30.110, 507
4, 30.136, 482
5, 30.162, 506
4, 30.186, 478
5, 30.212, 506
4, 30.237, 475
5, 30.263, 507
4, 30.288, 473
5, 30.313, 507
4, 30.339, 471
5, 30.364, 507
4, 30.389, 471
5, 30.414, 506
4, 30.440, 471
5, 30.466, 507
4, 30.490, 472
5, 30.516, 506
4, 30.541, 472
5, 30.567, 507
4, 30.592, 475
5, 30.617, 507
4, 30.643, 479
5, 30.668, 507
4, 30.693, 483
5, 30.719, 507
4, 30.744, 486
5, 30.770, 507
4, 30.794, 491
5, 30.820, 507
4, 30.846, 494
5, 30.871, 507
4, 30.896, 497
5, 30.921, 507
4, 30.947, 501
5, 30.973, 507
4, 30.997, 503
5, 31.023, 507
4, 31.048, 505
5, 31.074, 508
4, 31.099, 505
5, 31.124, 508
4, 31.150, 505
5, 31.175, 507
4, 31.200, 504
5, 31.225, 508
4, 31.251, 502
5, 31.277, 507
4, 31.301, 500
5, 31.327, 507
4, 31.352, 497
5, 31.378, 507
4, 31.403, 493
5, 31.428, 508
4, 31.454, 489
5, 31.479, 507
4, 31.504, 485
5, 31.530, 507
4, 31.555, 482
5, 31.581, 507
4, 31.605, 478
5, 31.631, 506
4, 31.657, 476
5, 31.682, 507
4, 31.707, 474
5, 31.732, 508
4, 31.758, 472
5, 31.784, 507
4, 31.808, 471
5, 31.834, 507
4, 31.859, 471
5, 31.885, 507
4, 31.910, 473
5, 31.935, 507
4, 31.961, 474
5, 31.986, 507
4, 32.011, 477
5, 32.037, 507
4, 32.062, 480
5, 32.088, 507
4, 32.112, 483
5, 32.138, 507
4, 32.163, 487
5, 32.189, 507
4, 32.214, 490
5, 32.239, 507
4, 32.265, 495
5, 32.290, 507
4, 32.316, 498
5, 32.341, 507
4, 32.366, 500
5, 32.392, 507
4, 32.417, 503
5, 32.442, 507
4, 32.468, 504
5, 32.493, 507
4, 32.519, 504
5, 32.543, 507
4, 32.569, 504
5, 32.595, 507
4, 32.620, 503
5, 32.645, 507
4, 32.670, 501
5, 32.696, 507
4, 32.722, 499
5, 32.746, 507
4, 32.772, 496
5, 32.797, 507
4, 32.823, 492
5, 32.848, 507
4, 32.873, 488
5, 32.899, 507
4, 32.924, 485
5, 32.949, 507
4, 32.974, 482
5, 33.000, 507
4, 33.026, 479
5, 33.050, 507
4, 33.076, 476
5, 33.101, 508
4, 33.127, 474
5, 33.152, 507
4, 33.177, 472
5, 33.203, 507
4, 33.228, 472
5, 33.253, 507
4, 33.279, 473
5, 33.304, 506
4, 33.330, 474
5, 33.354, 507
4, 33.380, 476
5, 33.406, 507
4, 33.431, 478
5, 33.456, 506
4, 33.481, 481
5, 33.507, 507
4, 33.533, 484
5, 33.557, 506
4, 33.583, 487
5, 33.608, 508
4, 33.634, 492
5, 33.659, 507
4, 33.684, 495
5, 33.710, 507
4, 33.735, 498
5, 33.760, 507
4, 33.785, 500
5, 33.811, 507
4, 33.837, 502
5, 33.861, 507
4, 33.887, 504
5, 33.912, 507
4, 33.938, 504
5, 33.963, 507
4, 33.988, 504
5, 34.014, 507
4, 34.039, 502
5, 34.064, 507
4, 34.090, 500
5, 34.115, 507
4, 34.141, 498
5, 34.165, 507
4, 34.191, 495
5, 34.217, 507
4, 34.242, 492
5, 34.267, 507
4, 34.292, 488
5, 34.318, 506
4, 34.344, 485
5, 34.368, 507
4, 34.394, 482
5, 34.419, 506
4, 34.445, 479
5, 34.470, 507
4, 34.495, 477
5, 34.521, 507
4, 34.546, 475
5, 34.571, 507
4, 34.597, 474
5, 34.622, 507
4, 34.648, 473
5, 34.672, 506
4, 34.698, 474
5, 34.723, 507
4, 34.749, 475
5, 34.774, 507
4, 34.799, 477
5, 34.825, 507
4, 34.850, 480
5, 34.875, 506
4, 34.901, 482
5, 34.926, 506
4, 34.952, 485
5, 34.976, 506
4, 35.002, 489
5, 35.028, 506
4, 35.053, 492
5, 35.078, 507
4, 35.103, 494
5, 35.129, 507
4, 35.155, 498
5, 35.179, 507
4, 35.205, 500
5, 35.230, 507
4, 35.256, 502
5, 35.281, 507
4, 35.306, 503
5, 35.332, 506
4, 35.357, 502
5, 35.383, 507
4, 35.408, 503
5, 35.433, 507
4, 35.459, 501
5, 35.484, 507
4, 35.509, 500
5, 35.534, 507
4, 35.560, 497
5, 35.586, 507
4, 35.610, 495
5, 35.636, 507
4, 35.661, 491
5, 35.687, 507
4, 35.712, 488
5, 35.737, 507
4, 35.763, 485
5, 35.788, 507
4, 35.813, 482
5, 35.839, 507
4, 35.864, 479
5, 35.890, 507
4, 35.914, 478
5, 35.940, 507
4, 35.966, 476
5, 35.991, 507
4, 36.016, 475
5, 36.041, 506
4, 36.067, 475
5, 36.093, 507
4, 36.117, 475
5, 36.143, 507
4, 36.168, 476
5, 36.194, 507
4, 36.219, 477
5, 36.244, 507
4, 36.270, 480
5, 36.295, 507
4, 36.320, 483
5, 36.345, 507
4, 36.371, 486
5, 36.397, 507
4, 36.421, 488
5, 36.447, 508
4, 36.472, 492
5, 36.498, 507
4, 36.523, 495
5, 36.548, 507
4, 36.574, 497
5, 36.599, 507
4, 36.624, 499
5, 36.650, 507
4, 36.675, 501
5, 36.701, 507
4, 36.725, 501
5, 36.751, 508
4, 36.777, 501
5, 36.802, 507
4, 36.827, 502
5, 36.852, 507
4, 36.878, 500
5, 36.904, 508
4, 36.928, 498
5, 36.954, 507
4, 36.979, 496
5, 37.005, 509
4, 37.030, 494
5, 37.055, 507
4, 37.081, 490
5, 37.106, 508
4, 37.131, 487
5, 37.157, 507
4, 37.182, 485
5, 37.208, 507
4, 37.232, 481
5, 37.258, 507
4, 37.283, 480
5, 37.309, 507
4, 37.334, 477
5, 37.359, 507
4, 37.385, 476
5, 37.410, 506
4, 37.435, 476
5, 37.461, 507
4, 37.486, 476
5, 37.512, 506
4, 37.536, 476
5, 37.562, 507
4, 37.588, 477
5, 37.613, 507
4, 37.638, 479
5, 37.663, 507
4, 37.689, 481
5, 37.715, 507
4, 37.739, 484
5, 37.765, 507
4, 37.790, 487
5, 37.816, 507
4, 37.841, 489
5, 37.866, 507
4, 37.892, 493
5, 37.917, 507
4, 37.942, 495
5, 37.968, 507
4, 37.993, 497
5, 38.019, 507
4, 38.043, 499
5, 38.069, 507
4, 38.094, 500
5, 38.120, 507
4, 38.145, 501
5, 38.170, 507
4, 38.196, 501
5, 38.221, 508
4, 38.246, 500
5, 38.272, 507
4, 38.297, 499
5, 38.323, 507
4, 38.347, 498
5, 38.373, 507
4, 38.399, 495
5, 38.424, 508
4, 38.449, 493
5, 38.474, 507
4, 38.500, 490
5, 38.526, 507
4, 38.550, 487
5, 38.576, 508
4, 38.601, 484
5, 38.627, 507
4, 38.652, 482
5, 38.677, 507
4, 38.703, 479
5, 38.728, 507
4, 38.753, 479
5, 38.779, 507
4, 38.804, 477
5, 38.830, 507
4, 38.854, 477
5, 38.880, 507
4, 38.905, 476
5, 38.931, 507
4, 38.956, 478
5, 38.981, 507
4, 39.007, 479
5, 39.032, 507
4, 39.057, 480
5, 39.083, 507
4, 39.108, 482
5, 39.134, 507
4, 39.158, 484
5, 39.184, 506
4, 39.210, 488
5, 39.235, 507
4, 39.260, 490
5, 39.285, 507
4, 39.311, 492
5, 39.337, 507
4, 39.361, 495
5, 39.387, 507
4, 39.412, 497
5, 39.438, 506
4, 39.463, 498
5, 39.488, 507
4, 39.514, 500
5, 39.539, 507
4, 39.564, 502
5, 39.590, 507
4, 39.615, 500
5, 39.641, 507
4, 39.665, 500
5, 39.691, 507
4, 39.717, 498
5, 39.742, 507
4, 39.767, 496
5, 39.792, 507
4, 39.818, 494
5, 39.843, 507
4, 39.868, 492
5, 39.894, 507
4, 39.919, 490
5, 39.945, 507
4, 39.969, 487
5, 39.995, 507
4, 40.021, 484
5, 40.046, 507
4, 40.071, 482
5, 40.096, 507
4, 40.122, 480
5, 40.148, 507
4, 40.172, 479
5, 40.198, 507
4, 40.223, 478
5, 40.249, 507
4, 40.274, 477
5, 40.299, 507
4, 40.325, 478
5, 40.350, 507
4, 40.375, 478
5, 40.401, 507
4, 40.426, 479
5, 40.452, 506
4, 40.476, 481
5, 40.502, 507
4, 40.528, 483
5, 40.553, 507
4, 40.578, 484
5, 40.603, 507
4, 40.629, 488
5, 40.654, 507
4, 40.679, 490
5, 40.705, 507
4, 40.730, 493
5, 40.756, 506
4, 40.780, 495
5, 40.806, 507
4, 40.832, 497
5, 40.857, 507
4, 40.882, 498
5, 40.907, 506
4, 40.933, 499
5, 40.959, 507
4, 40.983, 499
5, 41.009, 507
4, 41.034, 499
5, 41.060, 507
4, 41.085, 498
5, 41.110, 507
4, 41.136, 497
5, 41.161, 507
4, 41.186, 496
5, 41.212, 506
4, 41.237, 494
5, 41.263, 507
4, 41.287, 491
5, 41.313, 507
4, 41.339, 489
5, 41.364, 508
4, 41.389, 486
5, 41.414, 507
4, 41.440, 485
5, 41.465, 507
4, 41.490, 482
5, 41.516, 508
4, 41.541, 481
5, 41.567, 507
4, 41.591, 479
5, 41.617, 507
4, 41.643, 479
5, 41.668, 507
4, 41.693, 478
5, 41.718, 507
4, 41.744, 478
5, 41.770, 507
4, 41.794, 479
5, 41.820, 507
4, 41.845, 481
5, 41.871, 507
4, 41.896, 482
5, 41.921, 507
4, 41.947, 483
5, 41.972, 507
4, 41.997, 485
5, 42.023, 507
4, 42.048, 488
5, 42.074, 507
4, 42.098, 490
5, 42.124, 507
4, 42.150, 493
5, 42.175, 507
4, 42.200, 495
5, 42.225, 507
4, 42.251, 496
5, 42.277, 507
4, 42.301, 498
5, 42.327, 507
4, 42.352, 499
5, 42.378, 507
4, 42.402, 499
5, 42.428, 507
4, 42.454, 498
5, 42.479, 507
4, 42.504, 498
5, 42.529, 507
4, 42.555, 497
5, 42.581, 507
4, 42.605, 496
5, 42.631, 507
4, 42.656, 493
5, 42.682, 507
4, 42.707, 491
5, 42.732, 506
4, 42.758, 489
5, 42.783, 507
4, 42.808, 486
5, 42.834, 507
4, 42.859, 484
5, 42.885, 507
4, 42.909, 483
5, 42.935, 506
4, 42.961, 481
5, 42.986, 507
4, 43.011, 480
5, 43.036, 507
4, 43.062, 480
5, 43.088, 507
4, 43.112, 479
5, 43.138, 507
4, 43.163, 479
5, 43.189, 507
4, 43.213, 480
5, 43.239, 507
4, 43.265, 481
5, 43.290, 507
4, 43.315, 483
5, 43.340, 507
4, 43.366, 485
5, 43.392, 507
4, 43.416, 487
5, 43.442, 507
4, 43.467, 489
5, 43.493, 507
4, 43.518, 491
5, 43.543, 507
4, 43.569, 493
5, 43.594, 508
4, 43.619, 495
5, 43.645, 507
4, 43.670, 496
5, 43.696, 506
4, 43.720, 498
5, 43.746, 506
4, 43.772, 498
5, 43.797, 507
4, 43.822, 498
5, 43.847, 507
4, 43.873, 497
5, 43.899, 507
4, 43.923, 496
5, 43.949, 508
4, 43.974, 495
5, 44.000, 508
4, 44.024, 494
5, 44.050, 508
4, 44.076, 493
5, 44.101, 506
4, 44.126, 490
5, 44.151, 507
4, 44.177, 488
5, 44.203, 507
4, 44.227, 486
5, 44.253, 507
4, 44.278, 484
5, 44.304, 507
4, 44.330, 483
5, 44.354, 507
4, 44.380, 481
5, 44.405, 507
4, 44.431, 480
5, 44.456, 507
4, 44.481, 480
5, 44.507, 508
4, 44.532, 480
5, 44.557, 507
4, 44.583, 480
5, 44.608, 507
4, 44.634, 481
5, 44.658, 507
4, 44.684, 482
5, 44.710, 507
4, 44.735, 484
5, 44.760, 507
4, 44.785, 485
5, 44.811, 508
4, 44.837, 487
5, 44.861, 507
4, 44.887, 489
5, 44.912, 507
4, 44.938, 491
5, 44.962, 507
4, 44.988, 493
5, 45.014, 507
4, 45.039, 495
5, 45.064, 508
4, 45.089, 496
5, 45.115, 507
4, 45.141, 496
5, 45.165, 507
4, 45.191, 497
5, 45.216, 507
4, 45.242, 497
5, 45.267, 507
4, 45.292, 497
5, 45.318, 507
4, 45.343, 496
5, 45.368, 508
4, 45.394, 494
5, 45.419, 507
4, 45.445, 493
5, 45.469, 507
4, 45.495, 491
5, 45.521, 507
4, 45.546, 489
5, 45.571, 507
4, 45.596, 487
5, 45.622, 508
4, 45.648, 486
5, 45.672, 507
4, 45.698, 484
5, 45.723, 507
4, 45.749, 482
5, 45.773, 507
4, 45.799, 482
5, 45.825, 507
4, 45.850, 481
5, 45.875, 507
4, 45.900, 480
5, 45.926, 507
4, 45.952, 480
5, 45.976, 507
4, 46.002, 481
5, 46.027, 507
4, 46.053, 482
5, 46.078, 507
4, 46.103, 484
5, 46.129, 507
4, 46.154, 484
5, 46.179, 507
4, 46.205, 486
5, 46.230, 507
4, 46.256, 488
5, 46.280, 507
4, 46.306, 490
5, 46.332, 507
4, 46.357, 491
5, 46.382, 507
4, 46.407, 494
5, 46.433, 507
4, 46.459, 494
5, 46.483, 507
4, 46.509, 495
5, 46.534, 508
4, 46.560, 496
5, 46.584, 507
4, 46.610, 496
5, 46.636, 507
4, 46.661, 496
5, 46.686, 506
4, 46.711, 496
5, 46.737, 507
4, 46.763, 495
5, 46.787, 507
4, 46.813, 494
5, 46.838, 507
4, 46.864, 493
5, 46.889, 506
4, 46.914, 491
5, 46.940, 507
4, 46.965, 489
5, 46.990, 507
4, 47.016, 488
5, 47.041, 507
4, 47.067, 486
5, 47.091, 507
4, 47.117, 484
5, 47.143, 507
4, 47.168, 483
5, 47.193, 507
4, 47.218, 482
5, 47.244, 507
4, 47.270, 482
5, 47.294, 506
4, 47.320, 481
5, 47.345, 507
4, 47.371, 482
5, 47.395, 507
4, 47.421, 483
5, 47.447, 507
4, 47.472, 483
5, 47.498, 507
4, 47.522, 485
5, 47.548, 507
4, 47.574, 486
5, 47.599, 506
4, 47.624, 488
5, 47.649, 507
4, 47.675, 489
5, 47.701, 506
4, 47.725, 490
5, 47.751, 507
4, 47.776, 492
5, 47.802, 507
4, 47.827, 493
5, 47.852, 507
4, 47.878, 495
5, 47.903, 507
4, 47.928, 496
5, 47.954, 507
4, 47.979, 496
5, 48.005, 507
4, 48.029, 495
5, 48.055, 507
4, 48.081, 496
5, 48.106, 507
4, 48.131, 495
5, 48.156, 506
4, 48.182, 494
5, 48.208, 507
4, 48.232, 493
5, 48.258, 507
4, 48.283, 492
5, 48.309, 507
4, 48.333, 490
5, 48.359, 507
4, 48.385, 489
5, 48.410, 507
4, 48.435, 487
5, 48.460, 507
4, 48.486, 486
5, 48.512, 507
4, 48.536, 484
5, 48.562, 508
4, 48.587, 484
5, 48.613, 507
4, 48.638, 482
5, 48.663, 507
4, 48.689, 482
5, 48.714, 507
4, 48.739, 482
5, 48.765, 507
4, 48.790, 482
5, 48.816, 507
4, 48.840, 483
5, 48.866, 507
4, 48.892, 484
5, 48.917, 507
4, 48.942, 486
5, 48.967, 507
4, 48.993, 486
5, 49.019, 508
4, 49.043, 487
5, 49.069, 507
4, 49.094, 489
5, 49.120, 507
4, 49.144, 490
5, 49.170, 507
4, 49.196, 492
5, 49.221, 508
4, 49.246, 493
5, 49.271, 507
4, 49.297, 494
5, 49.323, 507
4, 49.347, 495
5, 49.373, 507
4, 49.398, 495
5, 49.424, 507
4, 49.449, 495
5, 49.474, 507
4, 49.500, 495
5, 49.525, 507
4, 49.550, 495
5, 49.576, 506
4, 49.601, 494
5, 49.627, 507
4, 49.651, 492
5, 49.677, 507
4, 49.703, 491
5, 49.728, 507
4, 49.753, 489
5, 49.778, 507
4, 49.804, 489
5, 49.830, 507
4, 49.854, 487
5, 49.880, 506
4, 49.905, 486
5, 49.931, 507
4, 49.955, 484
5, 49.981, 507
4, 50.007, 484
5, 50.032, 507
4, 50.057, 484
5, 50.082, 507
4, 50.108, 483
5, 50.134, 507
4, 50.158, 483
5, 50.184, 507
4, 50.209, 484
5, 50.235, 507
4, 50.260, 484
5, 50.285, 507
4, 50.311, 485
5, 50.336, 507
4, 50.361, 486
5, 50.387, 507
4, 50.412, 487
5, 50.438, 507
4, 50.462, 489
5, 50.488, 507
4, 50.514, 490
5, 50.539, 507
4, 50.564, 491
5, 50.589, 506
4, 50.615, 493
5, 50.641, 507
4, 50.665, 493
5, 50.691, 507
4, 50.716, 494
5, 50.742, 507
4, 50.766, 495
5, 50.792, 507
4, 50.818, 495
5, 50.843, 507
4, 50.868, 494
5, 50.893, 507
4, 50.919, 494
5, 50.945, 507
4, 50.969, 494
5, 50.995, 507
4, 51.020, 493
5, 51.046, 507
4, 51.071, 492
5, 51.096, 507
4, 51.122, 491
5, 51.147, 507
4, 51.173, 489
5, 51.198, 507
4, 51.223, 489
5, 51.249, 507
4, 51.274, 487
5, 51.299, 507
4, 51.325, 486
5, 51.350, 507
4, 51.376, 485
5, 51.400, 507
4, 51.426, 484
5, 51.452, 507
4, 51.477, 484
5, 51.502, 507
4, 51.527, 483
5, 51.553, 507
4, 51.579, 484
5, 51.603, 507
4, 51.629, 484
5, 51.654, 507
4, 51.680, 486
5, 51.704, 507
4, 51.730, 486
5, 51.756, 507
4, 51.781, 487
5, 51.806, 507
4, 51.831, 487
5, 51.857, 507
4, 51.883, 489
5, 51.907, 507
4, 51.933, 491
5, 51.958, 506
4, 51.984, 491
5, 52.009, 507
4, 52.034, 492
5, 52.060, 507
4, 52.085, 493
5, 52.110, 507
4, 52.136, 494
5, 52.161, 507
4, 52.187, 494
5, 52.211, 507
4, 52.237, 495
5, 52.263, 507
4, 52.288, 494
5, 52.313, 507
4, 52.338, 493
5, 52.364, 508
4, 52.390, 493
5, 52.414, 507
4, 52.440, 492
5, 52.465, 507
4, 52.491, 491
5, 52.515, 507
4, 52.541, 490
5, 52.567, 508
4, 52.592, 487
5, 52.617, 507
4, 52.642, 487
5, 52.668, 508
4, 52.694, 486
5, 52.718, 507
4, 52.744, 485
5, 52.769, 507
4, 52.795, 485
5, 52.820, 507
4, 52.845, 484
5, 52.871, 507
4, 52.896, 484
5, 52.921, 508
4, 52.947, 484
5, 52.972, 507
4, 52.998, 484
5, 53.022, 507
4, 53.048, 485
5, 53.074, 507
4, 53.099, 486
5, 53.124, 507
4, 53.149, 486
5, 53.175, 507
4, 53.201, 487
5, 53.225, 507
4, 53.251, 488
5, 53.276, 507
4, 53.302, 490
5, 53.326, 507
4, 53.352, 491
5, 53.378, 507
4, 53.403, 491
5, 53.428, 507
4, 53.453, 492
5, 53.479, 507
4, 53.505, 493
5, 53.529, 507
4, 53.555, 493
5, 53.580, 507
4, 53.606, 493
5, 53.631, 507
4, 53.656, 493
5, 53.682, 507
4, 53.707, 493
5, 53.732, 506
4, 53.758, 493
5, 53.783, 507
4, 53.809, 492
5, 53.833, 507
4, 53.859, 491
5, 53.885, 507
4, 53.910, 490
5, 53.935, 507
4, 53.960, 490
5, 53.986, 507
4, 54.012, 488
5, 54.036, 507
4, 54.062, 487
5, 54.087, 507
4, 54.113, 486
5, 54.137, 507
4, 54.163, 486
5, 54.189, 507
4, 54.214, 485
5, 54.240, 507
4, 54.264, 485
5, 54.290, 507
4, 54.316, 484
5, 54.341, 507
4, 54.366, 485
5, 54.391, 507
4, 54.417, 485
5, 54.443, 508
4, 54.467, 486
5, 54.493, 507
4, 54.518, 486
5, 54.544, 507
4, 54.569, 487
5, 54.594, 507
4, 54.620, 488
5, 54.645, 507
4, 54.670, 489
5, 54.696, 507
4, 54.721, 490
5, 54.747, 508
4, 54.771, 491
5, 54.797, 507
4, 54.823, 492
5, 54.848, 507
4, 54.873, 493
5, 54.898, 506
4, 54.924, 493
5, 54.950, 507
4, 54.974, 493
5, 55.000, 507
4, 55.025, 493
5, 55.051, 507
4, 55.075, 493
5, 55.101, 507
4, 55.127, 493
5, 55.152, 507
4, 55.177, 492
5, 55.202, 507
4, 55.228, 491
5, 55.254, 507
4, 55.278, 491
5, 55.304, 507
4, 55.329, 490
5, 55.355, 507
4, 55.380, 489
5, 55.405, 507
4, 55.431, 488
5, 55.456, 506
4, 55.481, 488
5, 55.507, 507
4, 55.532, 487
5, 55.558, 507
4, 55.582, 486
5, 55.608, 507
4, 55.634, 485
5, 55.659, 507
4, 55.684, 485
5, 55.709, 507
4, 55.735, 485
5, 55.761, 507
4, 55.785, 485
5, 55.811, 507
4, 55.836, 486
5, 55.862, 507
4, 55.886, 486
5, 55.912, 508
4, 55.938, 487
5, 55.963, 507
4, 55.988, 488
5, 56.013, 507
4, 56.039, 489
5, 56.065, 507
4, 56.089, 489
5, 56.115, 507
4, 56.140, 490
5, 56.166, 508
4, 56.191, 491
5, 56.216, 507
4, 56.242, 492
5, 56.267, 507
4, 56.292, 492
5, 56.318, 508
4, 56.343, 492
5, 56.369, 507
4, 56.393, 492
5, 56.419, 507
4, 56.445, 493
5, 56.470, 507
4, 56.495, 492
5, 56.520, 508
4, 56.546, 492
5, 56.572, 507
4, 56.596, 491
5, 56.622, 507
4, 56.647, 491
5, 56.673, 507
4, 56.697, 490
5, 56.723, 507
4, 56.749, 490
5, 56.774, 507
4, 56.799, 489
5, 56.824, 507
4, 56.850, 488
5, 56.876, 508
4, 56.900, 487
5, 56.926, 506
4, 56.951, 487
5, 56.977, 507
4, 57.002, 486
5, 57.027, 507
4, 57.053, 486
5, 57.078, 507
4, 57.103, 486
5, 57.129, 508
4, 57.154, 486
5, 57.180, 506
4, 57.204, 486
5, 57.230, 507
4, 57.256, 487
5, 57.281, 507
4, 57.306, 487
5, 57.331, 507
4, 57.357, 488
5, 57.383, 507
4, 57.407, 489
5, 57.433, 507
4, 57.458, 490
5, 57.484, 507
4, 57.509, 490
5, 57.534, 507
4, 57.560, 491
5, 57.585, 506
4, 57.610, 492
5, 57.635, 506
4, 57.661, 492
5, 57.687, 507
4, 57.711, 492
5, 57.737, 507
4, 57.762, 492
5, 57.788, 507
4, 57.813, 493
5, 57.838, 507
4, 57.864, 493
5, 57.889, 508
4, 57.914, 492
5, 57.940, 507
4, 57.965, 492
5, 57.991, 507
4, 58.015, 491
5, 58.041, 507
4, 58.067, 490
5, 58.092, 506
4, 58.117, 489
5, 58.142, 507
4, 58.168, 490
5, 58.194, 507
4, 58.218, 489
5, 58.244, 507
4, 58.269, 488
5, 58.295, 507
4, 58.320, 487
5, 58.345, 507
4, 58.371, 487
5, 58.396, 507
4, 58.421, 487
5, 58.446, 507
4, 58.472, 486
5, 58.498, 507
4, 58.522, 486
5, 58.548, 507
4, 58.573, 487
5, 58.599, 507
4, 58.624, 487
5, 58.649, 506
4, 58.675, 487
5, 58.700, 507
4, 58.726, 488
5, 58.751, 507
4, 58.776, 488
5, 58.802, 507
4, 58.827, 489
5, 58.852, 507
4, 58.878, 490
5, 58.903, 507
4, 58.929, 490
5, 58.953, 507
4, 58.979, 491
5, 59.005, 507
4, 59.030, 491
5, 59.055, 507
4, 59.080, 492
5, 59.106, 508
4, 59.132, 492
5, 59.156, 507
4, 59.182, 492
5, 59.207, 507
4, 59.233, 492
5, 59.257, 507
4, 59.283, 492
5, 59.309, 507
4, 59.334, 491
5, 59.359, 507
4, 59.384, 491
5, 59.410, 507
4, 59.436, 490
5, 59.460, 507
4, 59.486, 490
5, 59.511, 507
4, 59.537, 489
5, 59.562, 507
4, 59.587, 488
5, 59.613, 506
4, 59.638, 488
5, 59.663, 507
4, 59.689, 488
5, 59.714, 507
4, 59.740, 487
5, 59.764, 507
4, 59.790, 486
5, 59.816, 507
4, 59.841, 486
5, 59.866, 508
4, 59.891, 486
5, 59.917, 507
4, 59.943, 487
5, 59.967, 507
4, 59.993, 487
5, 60.018, 507
4, 60.044, 488
5, 60.069, 507
4, 60.094, 487
5, 60.120, 507
4, 60.145, 488
5, 60.170, 507
4, 60.195, 488
5, 60.221, 507
4, 60.247, 489
5, 60.271, 508
4, 60.297, 490
5, 60.322, 507
4, 60.348, 490
5, 60.373, 507
4, 60.398, 491
5, 60.424, 505
4, 60.449, 491
5, 60.474, 507
4, 60.500, 491
5, 60.525, 508
4, 60.551, 491
5, 60.575, 507
4, 60.601, 492
5, 60.627, 507
4, 60.652, 492
5, 60.677, 507
4, 60.702, 492
5, 60.728, 507
4, 60.754, 491
5, 60.778, 508
4, 60.804, 491
5, 60.829, 508
4, 60.855, 490
5, 60.880, 507
4, 60.905, 489
5, 60.931, 507
4, 60.956, 488
5, 60.981, 507
4, 61.006, 488
5, 61.032, 507
4, 61.058, 488
5, 61.082, 507
4, 61.108, 488
5, 61.133, 506
4, 61.159, 487
5, 61.184, 507
4, 61.209, 487
5, 61.235, 507
4, 61.260, 486
5, 61.285, 508
4, 61.311, 486
5, 61.336, 507
4, 61.362, 487
5, 61.386, 507
4, 61.412, 487
5, 61.438, 507
4, 61.463, 489
5, 61.488, 508
4, 61.513, 488
5, 61.539, 507
4, 61.565, 489
5, 61.589, 507
4, 61.615, 489
5, 61.640, 507
4, 61.666, 490
5, 61.691, 507
4, 61.716, 491
5, 61.742, 507
4, 61.767, 491
5, 61.793, 506
4, 61.817, 491
5, 61.843, 507
4, 61.869, 491
5, 61.894, 507
4, 61.919, 491
5, 61.944, 507
4, 61.970, 491
5, 61.996, 507
4, 62.020, 491
5, 62.046, 507
4, 62.071, 491
5, 62.097, 508
4, 62.122, 491
5, 62.147, 507
4, 62.173, 490
5, 62.198, 507
4, 62.223, 490
5, 62.249, 507
4, 62.274, 490
5, 62.300, 507
4, 62.324, 489
5, 62.350, 507
4, 62.376, 489
5, 62.401, 506
4, 62.426, 488
5, 62.451, 507
4, 62.477, 488
5, 62.503, 506
4, 62.527, 488
5, 62.553, 507
4, 62.578, 488
5, 62.604, 507
4, 62.629, 487
5, 62.654, 508
4, 62.680, 488
5, 62.705, 507
4, 62.730, 487
5, 62.755, 507
4, 62.781, 488
5, 62.807, 507
4, 62.831, 488
5, 62.857, 507
4, 62.882, 489
5, 62.908, 507
4, 62.933, 489
5, 62.958, 507
4, 62.984, 489
5, 63.009, 507
4, 63.034, 490
5, 63.060, 507
4, 63.085, 490
5, 63.111, 507
4, 63.135, 491
5, 63.161, 507
4, 63.187, 491
5, 63.212, 507
4, 63.237, 491
5, 63.262, 506
4, 63.288, 491
5, 63.314, 507
4, 63.338, 493
5, 63.364, 507
4, 63.389, 491
5, 63.415, 507
4, 63.440, 491
5, 63.465, 507
4, 63.491, 491
5, 63.516, 507
4, 63.541, 491
5, 63.566, 507
4, 63.592, 490
5, 63.618, 507
4, 63.642, 489
5, 63.668, 508
4, 63.693, 489
5, 63.719, 507
4, 63.744, 488
5, 63.769, 508
4, 63.795, 488
5, 63.820, 508
4, 63.845, 488
5, 63.871, 507
4, 63.896, 487
5, 63.922, 507
4, 63.946, 488
5, 63.972, 507
4, 63.998, 488
5, 64.023, 507
4, 64.048, 487
5, 64.073, 507
4, 64.099, 489
5, 64.125, 507
4, 64.149, 487
5, 64.175, 507
4, 64.200, 488
5, 64.226, 507
4, 64.251, 488
5, 64.276, 507
4, 64.302, 489
5, 64.327, 506
4, 64.352, 489
5, 64.377, 507
4, 64.403, 491
5, 64.429, 507
4, 64.453, 490
5, 64.479, 507
4, 64.504, 491
5, 64.530, 507
4, 64.555, 491
5, 64.580, 507
4, 64.606, 491
5, 64.631, 507
4, 64.656, 492
5, 64.682, 507
4, 64.707, 491
5, 64.733, 508
4, 64.757, 491
5, 64.783, 507
4, 64.809, 492
5, 64.834, 507
4, 64.859, 490
5, 64.884, 507
4, 64.910, 490
5, 64.936, 507
4, 64.960, 490
5, 64.986, 507
4, 65.011, 490
5, 65.037, 507
4, 65.062, 489
5, 65.087, 507
4, 65.113, 489
5, 65.138, 507
4, 65.163, 489
5, 65.189, 507
4, 65.214, 489
5, 65.240, 508
4, 65.264, 488
5, 65.290, 508
4, 65.315, 489
5, 65.341, 508
4, 65.366, 488
5, 65.391, 507
4, 65.417, 488
5, 65.442, 507
4, 65.468, 488
5, 65.493, 507
4, 65.518, 489
5, 65.544, 507
4, 65.569, 488
5, 65.594, 507
4, 65.620, 489
5, 65.645, 507
4, 65.671, 489
5, 65.695, 507
4, 65.721, 489
5, 65.747, 507
4, 65.772, 490
5, 65.797, 507
4, 65.822, 490
5, 65.848, 507
4, 65.874, 491
5, 65.898, 507
4, 65.924, 491
5, 65.949, 507
4, 65.975, 491
5, 66.000, 507
4, 66.025, 491
5, 66.051, 507
4, 66.076, 491
5, 66.101, 507
4, 66.126, 491
5, 66.152, 506
4, 66.178, 491
5, 66.202, 507
4, 66.228, 491
5, 66.253, 507
4, 66.279, 490
5, 66.304, 507
4, 66.329, 490
5, 66.355, 507
4, 66.380, 489
5, 66.405, 507
4, 66.431, 489
5, 66.456, 507
4, 66.482, 489
5, 66.506, 507
4, 66.532, 488
5, 66.558, 507
4, 66.583, 489
5, 66.608, 507
4, 66.633, 488
5, 66.659, 507
4, 66.685, 488
5, 66.709, 507
4, 66.735, 488
5, 66.760, 507
4, 66.786, 488
5, 66.811, 507
4, 66.836, 488
5, 66.862, 507
4, 66.887, 489
5, 66.912, 507
4, 66.937, 489
5, 66.963, 507
4, 66.989, 489
5, 67.013, 507
4, 67.039, 489
5, 67.064, 507
4, 67.090, 489
5, 67.115, 508
4, 67.140, 489
5, 67.166, 507
4, 67.191, 489
5, 67.216, 507
4, 67.242, 491
5, 67.267, 507
4, 67.293, 490
5, 67.317, 507
4, 67.343, 491
5, 67.369, 507
4, 67.394, 491
5, 67.419, 508
4, 67.444, 491
5, 67.470, 508
4, 67.496, 491
5, 67.520, 507
4, 67.546, 490
5, 67.571, 507
4, 67.597, 490
5, 67.622, 508
4, 67.647, 490
5, 67.673, 507
4, 67.698, 490
5, 67.723, 507
4, 67.749, 489
5, 67.774, 507
4, 67.800, 489
5, 67.824, 507
4, 67.850, 489
5, 67.875, 507
4, 67.901, 488
5, 67.926, 507
4, 67.951, 489
5, 67.977, 507
4, 68.002, 488
5, 68.027, 507
4, 68.053, 488
5, 68.078, 507
4, 68.104, 488
5, 68.128, 507
4, 68.154, 488
5, 68.180, 507
4, 68.205, 489
5, 68.230, 507
4, 68.255, 488
5, 68.281, 508
4, 68.307, 488
5, 68.331, 508
4, 68.357, 490
5, 68.382, 507
4, 68.408, 489
5, 68.433, 507
4, 68.458, 489
5, 68.484, 508
4, 68.509, 490
5, 68.535, 507
4, 68.560, 490
5, 68.585, 507
4, 68.611, 490
5, 68.636, 508
4, 68.661, 491
5, 68.686, 507
4, 68.712, 491
5, 68.738, 507
4, 68.762, 490
5, 68.788, 507
4, 68.813, 491
5, 68.839, 507
4, 68.864, 491
5, 68.889, 507
4, 68.915, 490
5, 68.940, 507
4, 68.965, 490
5, 68.991, 507
4, 69.016, 490
5, 69.042, 507
4, 69.066, 490
5, 69.092, 507
4, 69.118, 489
5, 69.143, 508
4, 69.168, 489
5, 69.193, 507
4, 69.219, 489
5, 69.245, 507
4, 69.269, 489
5, 69.295, 508
4, 69.320, 488
5, 69.346, 507
4, 69.371, 489
5, 69.396, 508
4, 69.422, 488
5, 69.447, 507
4, 69.472, 488
5, 69.497, 507
4, 69.523, 489
5, 69.549, 508
4, 69.573, 489
5, 69.599, 507
4, 69.624, 489
5, 69.650, 507
4, 69.675, 488
5, 69.700, 507
4, 69.726, 489
5, 69.751, 507
4, 69.776, 489
5, 69.802, 507
4, 69.827, 491
5, 69.853, 507
4, 69.877, 490
5, 69.903, 506
4, 69.929, 491
5, 69.954, 507
4, 69.979, 490
5, 70.004, 507
4, 70.030, 491
5, 70.056, 507
4, 70.080, 491
5, 70.106, 507
4, 70.131, 491
5, 70.157, 507
4, 70.182, 491
5, 70.207, 507
4, 70.233, 491
5, 70.258, 507
4, 70.283, 491
5, 70.309, 507
4, 70.334, 490
5, 70.360, 507
4, 70.384, 490
5, 70.410, 507
4, 70.435, 490
5, 70.461, 507
4, 70.486, 490
5, 70.511, 507
4, 70.537, 490
5, 70.562, 507
4, 70.587, 489
5, 70.613, 507
4, 70.638, 489
5, 70.664, 507
4, 70.688, 489
5, 70.714, 507
4, 70.740, 488
5, 70.765, 507
4, 70.790, 489
5, 70.815, 507
4, 70.841, 488
5, 70.867, 507
4, 70.891, 488
5, 70.917, 508
4, 70.942, 489
5, 70.968, 508
4, 70.993, 489
5, 71.018, 507
4, 71.044, 489
5, 71.069, 508
4, 71.094, 489
5, 71.120, 507
4, 71.145, 489
5, 71.171, 507
4, 71.195, 490
5, 71.221, 506
4, 71.246, 489
5, 71.272, 507
4, 71.297, 490
5, 71.322, 507
4, 71.348, 490
5, 71.373, 507
4, 71.398, 490
5, 71.424, 507
4, 71.449, 491
5, 71.475, 507
4, 71.499, 490
5, 71.525, 507
4, 71.551, 490
5, 71.576, 507
4, 71.601, 491
5, 71.626, 507
4, 71.652, 491
5, 71.678, 507
4, 71.702, 490
5, 71.728, 507
4, 71.753, 490
5, 71.779, 507
4, 71.804, 490
5, 71.829, 508
4, 71.855, 490
5, 71.880, 507
4, 71.905, 489
5, 71.931, 507
4, 71.956, 489
5, 71.982, 507
4, 72.006, 489
5, 72.032, 507
4, 72.057, 489
5, 72.083, 507
4, 72.108, 488
5, 72.133, 508
4, 72.159, 489
5, 72.184, 507
4, 72.209, 489
5, 72.235, 507
4, 72.260, 489
5, 72.286, 507
4, 72.310, 489
5, 72.336, 507
4, 72.362, 489
5, 72.387, 508
4, 72.412, 489
5, 72.437, 508
4, 72.463, 489
5, 72.489, 507
4, 72.513, 490
5, 72.539, 508
4, 72.564, 490
5, 72.590, 508
4, 72.615, 491
5, 72.640, 507
4, 72.666, 490
5, 72.691, 507
4, 72.716, 491
5, 72.742, 507
4, 72.767, 490
5, 72.793, 507
4, 72.817, 490
5, 72.843, 508
4, 72.869, 490
5, 72.894, 507
4, 72.919, 491
5, 72.944, 507
4, 72.970, 491
5, 72.995, 507
4, 73.020, 490
5, 73.046, 507
4, 73.071, 490
5, 73.097, 507
4, 73.121, 490
5, 73.147, 507
4, 73.173, 490
5, 73.198, 507
4, 73.223, 488
5, 73.248, 507
4, 73.274, 490
5, 73.300, 507
4, 73.324, 489
5, 73.350, 507
4, 73.375, 490
5, 73.401, 507
4, 73.426, 489
5, 73.451, 507
4, 73.477, 489
5, 73.502, 507
4, 73.527, 489
5, 73.553, 507
4, 73.578, 489
5, 73.604, 507
4, 73.628, 489
5, 73.654, 507
4, 73.680, 489
5, 73.705, 507
4, 73.730, 489
5, 73.755, 508
4, 73.781, 489
5, 73.806, 507
4, 73.831, 490
5, 73.857, 507
4, 73.882, 489
5, 73.908, 507
4, 73.932, 490
5, 73.958, 508
4, 73.984, 490
5, 74.009, 507
4, 74.034, 491
5, 74.059, 507
4, 74.085, 490
5, 74.111, 507
4, 74.135, 490
5, 74.161, 508
4, 74.186, 490
5, 74.212, 507
4, 74.237, 490
5, 74.262, 507
4, 74.288, 490
5, 74.313, 507
4, 74.338, 490
5, 74.364, 507
4, 74.389, 490
5, 74.415, 508
4, 74.439, 490
5, 74.465, 507
4, 74.491, 490
5, 74.516, 507
4, 74.541, 491
5, 74.566, 507
4, 74.592, 489
5, 74.617, 507
4, 74.642, 490
5, 74.668, 507
4, 74.693, 490
5, 74.719, 507
4, 74.743, 489
5, 74.769, 507
4, 74.795, 489
5, 74.820, 507
4, 74.845, 489
5, 74.870, 507
4, 74.896, 489
5, 74.922, 507
4, 74.946, 490
5, 74.972, 507
4, 74.997, 489
5, 75.023, 507
4, 75.048, 489
5, 75.073, 507
4, 75.099, 489
5, 75.124, 508
4, 75.149, 490
5, 75.175, 507
4, 75.200, 489
5, 75.226, 507
4, 75.250, 490
5, 75.276, 507
4, 75.302, 490
5, 75.327, 507
4, 75.352, 490
5, 75.377, 507
4, 75.403, 491
5, 75.429, 507
4, 75.453, 491
5, 75.479, 507
4, 75.504, 490
5, 75.530, 507
4, 75.554, 490
5, 75.580, 508
4, 75.606, 490
5, 75.631, 507
4, 75.656, 490
5, 75.681, 507
4, 75.707, 490
5, 75.733, 507
4, 75.757, 490
5, 75.783, 507
4, 75.808, 490
5, 75.834, 508
4, 75.859, 490
5, 75.884, 507
4, 75.910, 490
5, 75.935, 507
4, 75.960, 490
5, 75.986, 507
4, 76.011, 490
5, 76.037, 508
4, 76.061, 489
5, 76.087, 507
4, 76.113, 489
5, 76.138, 508
4, 76.163, 489
5, 76.188, 507
4, 76.214, 489
5, 76.240, 507
4, 76.264, 489
5, 76.290, 507
4, 76.315, 489
5, 76.341, 507
4, 76.365, 489
5, 76.391, 507
4, 76.417, 489
5, 76.442, 507
4, 76.467, 490
5, 76.492, 507
4, 76.518, 489
5, 76.544, 508
4, 76.568, 489
5, 76.594, 508
4, 76.619, 490
5, 76.645, 508
4, 76.670, 490
5, 76.695, 507
4, 76.721, 490
5, 76.746, 508
4, 76.771, 491
5, 76.797, 507
4, 76.822, 490
5, 76.848, 508
4, 76.872, 490
5, 76.898, 508
4, 76.924, 491
5, 76.949, 508
4, 76.974, 490
5, 76.999, 507
4, 77.025, 491
5, 77.051, 507
4, 77.075, 490
5, 77.101, 507
4, 77.126, 490
5, 77.152, 508
4, 77.176, 490
5, 77.202, 507
4, 77.228, 489
5, 77.253, 507
4, 77.278, 489
5, 77.303, 507
4, 77.329, 490
5, 77.355, 507
4, 77.379, 489
5, 77.405, 507
4, 77.430, 489
5, 77.456, 507
4, 77.482, 489
5, 77.506, 507
4, 77.532, 489
5, 77.557, 507
4, 77.583, 489
5, 77.608, 505
4, 77.633, 489
5, 77.659, 506
4, 77.684, 489
5, 77.709, 507
4, 77.735, 490
5, 77.760, 507
4, 77.786, 489
5, 77.810, 507
4, 77.836, 490
5, 77.862, 507
4, 77.887, 489
5, 77.912, 507
4, 77.937, 491
5, 77.963, 507
4, 77.989, 490
5, 78.013, 507
4, 78.039, 490
5, 78.064, 507
4, 78.090, 490
5, 78.114, 507
4, 78.140, 490
5, 78.166, 507
4, 78.191, 490
5, 78.216, 507
4, 78.241, 491
5, 78.267, 508
4, 78.293, 491
5, 78.317, 507
4, 78.343, 490
5, 78.368, 507
4, 78.394, 491
5, 78.419, 507
4, 78.444, 490
5, 78.470, 507
4, 78.495, 490
5, 78.520, 507
4, 78.546, 491
5, 78.571, 507
4, 78.597, 490
5, 78.621, 507
4, 78.647, 490
5, 78.673, 507
4, 78.698, 490
5, 78.723, 508
4, 78.748, 490
5, 78.774, 507
4, 78.800, 490
5, 78.824, 507
4, 78.850, 490
5, 78.875, 507
4, 78.901, 490
5, 78.925, 507
4, 78.951, 490
5, 78.977, 507
4, 79.002, 490
5, 79.027, 507
4, 79.052, 490
5, 79.078, 507
4, 79.104, 489
5, 79.128, 507
4, 79.154, 490
5, 79.179, 507
4, 79.205, 490
5, 79.230, 507
4, 79.255, 490
5, 79.281, 507
4, 79.306, 490
5, 79.331, 507
4, 79.357, 490
5, 79.382, 507
4, 79.408, 490
5, 79.432, 507
4, 79.458, 490
5, 79.484, 507
4, 79.509, 490
5, 79.534, 507
4, 79.559, 490
5, 79.585, 507
4, 79.611, 491
5, 79.635, 507
4, 79.661, 490
5, 79.686, 507
4, 79.712, 490
5, 79.736, 507
4, 79.762, 490
5, 79.788, 507
4, 79.813, 490
5, 79.838, 507
4, 79.863, 490
5, 79.889, 507
4, 79.915, 490
5, 79.939, 508
4, 79.965, 490
5, 79.990, 507
4, 80.016, 490
5, 80.041, 507
4, 80.066, 490
5, 80.092, 508
4, 80.117, 489
5, 80.142, 508
4, 80.168, 490
5, 80.193, 508
4, 80.219, 489
5, 80.243, 507
4, 80.269, 490
5, 80.295, 507
4, 80.320, 489
5, 80.345, 507
4, 80.370, 490
5, 80.396, 508
4, 80.422, 489
5, 80.446, 507
4, 80.472, 490
5, 80.497, 508
4, 80.523, 490
5, 80.547, 507
4, 80.573, 489
5, 80.599, 507
4, 80.624, 490
5, 80.650, 507
4, 80.674, 490
5, 80.700, 508
4, 80.726, 490
5, 80.751, 507
4, 80.776, 490
5, 80.801, 507
4, 80.827, 491
5, 80.853, 507
4, 80.877, 491
5, 80.903, 507
4, 80.928, 490
5, 80.954, 508
4, 80.979, 490
5, 81.004, 508
4, 81.030, 490
5, 81.055, 507
4, 81.080, 490
5, 81.106, 507
4, 81.131, 490
5, 81.157, 507
4, 81.181, 490
5, 81.207, 508
4, 81.233, 490
5, 81.258, 508
4, 81.283, 490
5, 81.308, 506
4, 81.334, 489
5, 81.360, 507
4, 81.384, 489
5, 81.410, 507
4, 81.435, 490
5, 81.461, 507
4, 81.485, 489
5, 81.511, 507
4, 81.537, 489
5, 81.562, 507
4, 81.587, 490
5, 81.612, 508
4, 81.638, 489
5, 81.664, 507
4, 81.688, 490
5, 81.714, 507
4, 81.739, 489
5, 81.765, 508
4, 81.790, 489
5, 81.815, 507
4, 81.841, 490
5, 81.866, 507
4, 81.891, 490
5, 81.917, 507
4, 81.942, 491
5, 81.968, 506
4, 81.992, 490
5, 82.018, 507
4, 82.044, 491
5, 82.069, 507
4, 82.094, 491
5, 82.119, 507
4, 82.145, 491
5, 82.171, 507
4, 82.195, 490
5, 82.221, 507
4, 82.246, 491
5, 82.272, 507
4, 82.296, 490
5, 82.322, 507
4, 82.348, 491
5, 82.373, 507
4, 82.398, 490
5, 82.423, 507
4, 82.449, 490
5, 82.475, 507
4, 82.499, 490
5, 82.525, 507
4, 82.550, 491
5, 82.576, 507
4, 82.601, 490
5, 82.626, 508
4, 82.652, 490
5, 82.677, 507
4, 82.702, 490
5, 82.728, 507
4, 82.753, 490
5, 82.779, 507
4, 82.803, 490
5, 82.829, 507
4, 82.855, 489
5, 82.880, 507
4, 82.905, 489
5, 82.930, 507
4, 82.956, 489
5, 82.982, 508
4, 83.006, 490
5, 83.032, 508
4, 83.057, 489
5, 83.083, 507
4, 83.107, 490
5, 83.133, 507
4, 83.159, 490
5, 83.184, 508
4, 83.209, 490
5, 83.234, 507
4, 83.260, 489
5, 83.286, 508
4, 83.310, 490
5, 83.336, 508
4, 83.361, 490
5, 83.387, 508
4, 83.412, 490
5, 83.437, 507
4, 83.463, 490
5, 83.488, 508
4, 83.513, 490
5, 83.539, 507
4, 83.564, 490
5, 83.590, 507
4, 83.614, 490
5, 83.640, 507
4, 83.666, 490
5, 83.691, 508
4, 83.716, 490
5, 83.741, 508
4, 83.767, 490
5, 83.793, 507
4, 83.817, 490
5, 83.843, 507
4, 83.868, 490
5, 83.894, 508
4, 83.918, 490
5, 83.944, 508
4, 83.970, 490
5, 83.995, 508
4, 84.020, 490
5, 84.045, 508
4, 84.071, 490
5, 84.097, 507
4, 84.121, 490
5, 84.147, 507
4, 84.172, 490
5, 84.198, 508
4, 84.223, 489
5, 84.248, 507
4, 84.274, 489
5, 84.299, 508
4, 84.325, 490
5, 84.350, 508
4, 84.375, 489
5, 84.401, 507
4, 84.426, 490
5, 84.451, 507
4, 84.477, 490
5, 84.502, 507
4, 84.528, 490
5, 84.552, 507
4, 84.578, 490
5, 84.604, 508
4, 84.629, 490
5, 84.654, 507
4, 84.679, 490
5, 84.705, 507
4, 84.731, 490
5, 84.755, 508
4, 84.781, 490
5, 84.806, 508
4, 84.832, 490
5, 84.856, 508
4, 84.882, 490
5, 84.908, 508
4, 84.933, 490
5, 84.958, 507
4, 84.983, 490
5, 85.009, 507
4, 85.035, 490
5, 85.059, 507
4, 85.085, 490
5, 85.110, 507
4, 85.136, 490
5, 85.161, 507
4, 85.186, 490
5, 85.212, 507
4, 85.237, 490
5, 85.262, 507
4, 85.288, 490
5, 85.313, 507
4, 85.339, 490
5, 85.363, 508
4, 85.389, 490
5, 85.415, 506
4, 85.440, 490
5, 85.465, 507
4, 85.490, 490
5, 85.516, 507
4, 85.542, 490
5, 85.566, 507
4, 85.592, 490
5, 85.617, 507
4, 85.643, 489
5, 85.667, 507
4, 85.693, 490
5, 85.719, 507
4, 85.744, 490
5, 85.769, 507
4, 85.794, 490
5, 85.820, 507
4, 85.846, 490
5, 85.870, 507
4, 85.896, 491
5, 85.921, 507
4, 85.947, 490
5, 85.972, 508
4, 85.997, 490
5, 86.023, 508
4, 86.048, 490
5, 86.073, 507
4, 86.099, 490
5, 86.124, 507
4, 86.150, 491
5, 86.174, 507
4, 86.200, 490
5, 86.226, 508
4, 86.251, 490
5, 86.276, 507
4, 86.301, 491
5, 86.327, 507
4, 86.353, 491
5, 86.377, 507
4, 86.403, 490
5, 86.428, 507
4, 86.454, 491
5, 86.478, 507
4, 86.504, 490
5, 86.530, 507
4, 86.555, 490
5, 86.580, 507
4, 86.605, 490
5, 86.631, 507
4, 86.657, 491
5, 86.681, 507
4, 86.707, 490
5, 86.732, 507
4, 86.758, 490
5, 86.783, 507
4, 86.808, 490
5, 86.834, 507
